z: 770341181.6608951 
TIME, GEN,	 u, 	 p 
0, 0,	  0,	 0.0 
0, 1,	  0,	 0.0 
0, 2,	  0,	 0.0 
0, 3,	  1,	 22.0 
0, 4,	  0,	 0.0 
0, 5,	  1,	 30.0 
0, 6,	  0,	 0.0 
0, 7,	  1,	 22.0 
0, 8,	  1,	 62.0 
0, 9,	  1,	 170.0 
0, 10,	  1,	 22.0 
0, 11,	  1,	 22.0 
0, 12,	  1,	 8.0 
0, 13,	  1,	 22.0 
0, 14,	  1,	 62.0 
0, 15,	  0,	 0.0 
0, 16,	  1,	 22.0 
0, 17,	  1,	 170.0 
0, 18,	  0,	 0.0 
0, 19,	  1,	 22.0 
0, 20,	  1,	 30.0 
0, 21,	  1,	 30.0 
0, 22,	  1,	 22.0 
0, 23,	  0,	 0.0 
0, 24,	  1,	 30.0 
0, 25,	  1,	 22.0 
0, 26,	  1,	 170.0 
0, 27,	  0,	 0.0 
0, 28,	  1,	 22.0 
0, 29,	  1,	 140.0 
0, 30,	  1,	 170.0 
0, 31,	  1,	 170.0 
0, 32,	  1,	 22.0 
0, 33,	  1,	 22.0 
0, 34,	  1,	 62.0 
0, 35,	  1,	 22.0 
0, 36,	  0,	 0.0 
0, 37,	  1,	 170.0 
0, 38,	  1,	 22.0 
0, 39,	  0,	 0.0 
0, 40,	  0,	 0.0 
0, 41,	  0,	 0.0 
0, 42,	  1,	 22.0 
0, 43,	  1,	 170.0 
0, 44,	  0,	 0.0 
0, 45,	  0,	 0.0 
0, 46,	  1,	 22.0 
0, 47,	  1,	 22.0 
0, 48,	  1,	 170.0 
0, 49,	  0,	 0.0 
0, 50,	  1,	 62.0 
0, 51,	  0,	 0.0 
0, 52,	  1,	 22.0 
0, 53,	  1,	 22.0 
0, 54,	  1,	 22.0 
0, 55,	  1,	 22.0 
0, 56,	  1,	 22.0 
0, 57,	  0,	 0.0 
0, 58,	  1,	 396.0 
0, 59,	  1,	 140.0 
0, 60,	  1,	 22.0 
0, 61,	  1,	 22.0 
0, 62,	  1,	 170.0 
0, 63,	  1,	 170.0 
0, 64,	  1,	 30.0 
0, 65,	  1,	 62.0 
0, 66,	  1,	 22.0 
0, 67,	  1,	 30.0 
0, 68,	  1,	 30.0 
0, 69,	  1,	 62.0 
0, 70,	  1,	 22.0 
0, 71,	  0,	 0.0 
0, 72,	  1,	 62.0 
1, 0,	  0,	 0.0 
1, 1,	  0,	 0.0 
1, 2,	  0,	 0.0 
1, 3,	  1,	 22.0 
1, 4,	  0,	 0.0 
1, 5,	  1,	 30.0 
1, 6,	  0,	 0.0 
1, 7,	  1,	 22.0 
1, 8,	  1,	 62.0 
1, 9,	  1,	 170.0 
1, 10,	  1,	 22.0 
1, 11,	  1,	 22.0 
1, 12,	  0,	 0.0 
1, 13,	  1,	 22.0 
1, 14,	  1,	 62.0 
1, 15,	  0,	 0.0 
1, 16,	  1,	 22.0 
1, 17,	  1,	 170.0 
1, 18,	  0,	 0.0 
1, 19,	  1,	 22.0 
1, 20,	  1,	 30.0 
1, 21,	  1,	 30.0 
1, 22,	  1,	 22.0 
1, 23,	  0,	 0.0 
1, 24,	  1,	 30.0 
1, 25,	  1,	 22.0 
1, 26,	  1,	 170.0 
1, 27,	  0,	 0.0 
1, 28,	  1,	 22.0 
1, 29,	  1,	 140.0 
1, 30,	  1,	 170.0 
1, 31,	  1,	 170.0 
1, 32,	  1,	 22.0 
1, 33,	  1,	 22.0 
1, 34,	  1,	 62.0 
1, 35,	  1,	 22.0 
1, 36,	  0,	 0.0 
1, 37,	  1,	 170.0 
1, 38,	  1,	 22.0 
1, 39,	  1,	 22.0 
1, 40,	  0,	 0.0 
1, 41,	  0,	 0.0 
1, 42,	  1,	 22.0 
1, 43,	  1,	 170.0 
1, 44,	  0,	 0.0 
1, 45,	  0,	 0.0 
1, 46,	  1,	 22.0 
1, 47,	  1,	 22.0 
1, 48,	  1,	 170.0 
1, 49,	  0,	 0.0 
1, 50,	  1,	 62.0 
1, 51,	  0,	 0.0 
1, 52,	  1,	 22.0 
1, 53,	  1,	 22.0 
1, 54,	  1,	 22.0 
1, 55,	  1,	 22.0 
1, 56,	  1,	 22.0 
1, 57,	  0,	 0.0 
1, 58,	  1,	 396.0 
1, 59,	  1,	 140.0 
1, 60,	  1,	 22.0 
1, 61,	  1,	 22.0 
1, 62,	  1,	 170.0 
1, 63,	  1,	 170.0 
1, 64,	  1,	 30.0 
1, 65,	  1,	 62.0 
1, 66,	  1,	 22.0 
1, 67,	  1,	 30.0 
1, 68,	  1,	 30.0 
1, 69,	  1,	 62.0 
1, 70,	  1,	 22.0 
1, 71,	  0,	 0.0 
1, 72,	  1,	 62.0 
2, 0,	  0,	 0.0 
2, 1,	  0,	 0.0 
2, 2,	  0,	 0.0 
2, 3,	  1,	 22.0 
2, 4,	  0,	 0.0 
2, 5,	  1,	 30.0 
2, 6,	  0,	 0.0 
2, 7,	  1,	 22.0 
2, 8,	  1,	 62.0 
2, 9,	  1,	 170.0 
2, 10,	  1,	 22.0 
2, 11,	  1,	 22.0 
2, 12,	  0,	 0.0 
2, 13,	  1,	 22.0 
2, 14,	  1,	 62.0 
2, 15,	  0,	 0.0 
2, 16,	  1,	 22.0 
2, 17,	  0,	 0.0 
2, 18,	  0,	 0.0 
2, 19,	  1,	 22.0 
2, 20,	  1,	 30.0 
2, 21,	  1,	 30.0 
2, 22,	  1,	 22.0 
2, 23,	  0,	 0.0 
2, 24,	  1,	 30.0 
2, 25,	  1,	 22.0 
2, 26,	  1,	 170.0 
2, 27,	  0,	 0.0 
2, 28,	  1,	 22.0 
2, 29,	  1,	 140.0 
2, 30,	  1,	 170.0 
2, 31,	  1,	 170.0 
2, 32,	  1,	 22.0 
2, 33,	  1,	 22.0 
2, 34,	  1,	 62.0 
2, 35,	  1,	 22.0 
2, 36,	  0,	 0.0 
2, 37,	  1,	 170.0 
2, 38,	  1,	 22.0 
2, 39,	  1,	 22.0 
2, 40,	  0,	 0.0 
2, 41,	  0,	 0.0 
2, 42,	  1,	 22.0 
2, 43,	  1,	 170.0 
2, 44,	  0,	 0.0 
2, 45,	  0,	 0.0 
2, 46,	  1,	 22.0 
2, 47,	  1,	 22.0 
2, 48,	  1,	 170.0 
2, 49,	  0,	 0.0 
2, 50,	  1,	 62.0 
2, 51,	  0,	 0.0 
2, 52,	  1,	 22.0 
2, 53,	  1,	 22.0 
2, 54,	  1,	 22.0 
2, 55,	  1,	 22.0 
2, 56,	  1,	 22.0 
2, 57,	  0,	 0.0 
2, 58,	  1,	 396.0 
2, 59,	  0,	 0.0 
2, 60,	  1,	 22.0 
2, 61,	  1,	 22.0 
2, 62,	  1,	 170.0 
2, 63,	  1,	 170.0 
2, 64,	  1,	 30.0 
2, 65,	  1,	 62.0 
2, 66,	  1,	 22.0 
2, 67,	  1,	 30.0 
2, 68,	  1,	 30.0 
2, 69,	  1,	 62.0 
2, 70,	  1,	 22.0 
2, 71,	  0,	 0.0 
2, 72,	  1,	 62.0 
3, 0,	  0,	 0.0 
3, 1,	  0,	 0.0 
3, 2,	  0,	 0.0 
3, 3,	  1,	 22.0 
3, 4,	  0,	 0.0 
3, 5,	  1,	 76.00000000000001 
3, 6,	  0,	 0.0 
3, 7,	  1,	 22.0 
3, 8,	  1,	 62.0 
3, 9,	  1,	 170.0 
3, 10,	  1,	 22.0 
3, 11,	  1,	 22.0 
3, 12,	  1,	 8.0 
3, 13,	  1,	 22.0 
3, 14,	  1,	 62.0 
3, 15,	  0,	 0.0 
3, 16,	  1,	 22.0 
3, 17,	  0,	 0.0 
3, 18,	  0,	 0.0 
3, 19,	  1,	 48.01000000000022 
3, 20,	  1,	 30.0 
3, 21,	  1,	 76.00000000000001 
3, 22,	  1,	 22.0 
3, 23,	  0,	 0.0 
3, 24,	  1,	 76.00000000000001 
3, 25,	  1,	 22.0 
3, 26,	  1,	 170.0 
3, 27,	  0,	 0.0 
3, 28,	  1,	 22.0 
3, 29,	  1,	 140.0 
3, 30,	  0,	 0.0 
3, 31,	  1,	 170.0 
3, 32,	  1,	 22.0 
3, 33,	  1,	 22.0 
3, 34,	  1,	 62.0 
3, 35,	  1,	 22.0 
3, 36,	  0,	 0.0 
3, 37,	  0,	 0.0 
3, 38,	  1,	 22.0 
3, 39,	  1,	 22.0 
3, 40,	  0,	 0.0 
3, 41,	  0,	 0.0 
3, 42,	  1,	 22.0 
3, 43,	  1,	 170.0 
3, 44,	  0,	 0.0 
3, 45,	  0,	 0.0 
3, 46,	  1,	 22.0 
3, 47,	  1,	 22.0 
3, 48,	  1,	 170.0 
3, 49,	  0,	 0.0 
3, 50,	  1,	 62.0 
3, 51,	  0,	 0.0 
3, 52,	  1,	 22.0 
3, 53,	  1,	 22.0 
3, 54,	  1,	 22.0 
3, 55,	  1,	 22.0 
3, 56,	  1,	 22.0 
3, 57,	  0,	 0.0 
3, 58,	  1,	 396.0 
3, 59,	  0,	 0.0 
3, 60,	  1,	 22.0 
3, 61,	  1,	 22.0 
3, 62,	  1,	 170.0 
3, 63,	  1,	 170.0 
3, 64,	  1,	 76.00000000000001 
3, 65,	  1,	 62.0 
3, 66,	  1,	 22.0 
3, 67,	  1,	 76.00000000000001 
3, 68,	  1,	 76.00000000000001 
3, 69,	  1,	 62.0 
3, 70,	  1,	 22.0 
3, 71,	  0,	 0.0 
3, 72,	  1,	 62.0 
4, 0,	  0,	 0.0 
4, 1,	  1,	 8.0 
4, 2,	  0,	 0.0 
4, 3,	  1,	 22.0 
4, 4,	  0,	 0.0 
4, 5,	  1,	 76.00000000000001 
4, 6,	  0,	 0.0 
4, 7,	  1,	 22.0 
4, 8,	  1,	 62.0 
4, 9,	  1,	 170.0 
4, 10,	  1,	 55.00000000000001 
4, 11,	  1,	 55.00000000000001 
4, 12,	  1,	 8.0 
4, 13,	  1,	 55.00000000000001 
4, 14,	  1,	 62.0 
4, 15,	  1,	 8.0 
4, 16,	  1,	 22.0 
4, 17,	  0,	 0.0 
4, 18,	  0,	 0.0 
4, 19,	  1,	 55.00000000000001 
4, 20,	  1,	 76.00000000000001 
4, 21,	  1,	 76.00000000000001 
4, 22,	  1,	 22.0 
4, 23,	  0,	 0.0 
4, 24,	  1,	 76.00000000000001 
4, 25,	  0,	 0.0 
4, 26,	  0,	 0.0 
4, 27,	  0,	 0.0 
4, 28,	  1,	 22.0 
4, 29,	  1,	 140.0 
4, 30,	  0,	 0.0 
4, 31,	  1,	 170.0 
4, 32,	  1,	 22.0 
4, 33,	  1,	 22.0 
4, 34,	  1,	 62.0 
4, 35,	  1,	 26.73999999999978 
4, 36,	  0,	 0.0 
4, 37,	  0,	 0.0 
4, 38,	  1,	 55.00000000000001 
4, 39,	  1,	 55.00000000000001 
4, 40,	  0,	 0.0 
4, 41,	  1,	 8.0 
4, 42,	  1,	 22.0 
4, 43,	  1,	 170.0 
4, 44,	  0,	 0.0 
4, 45,	  0,	 0.0 
4, 46,	  1,	 22.0 
4, 47,	  1,	 55.00000000000001 
4, 48,	  1,	 170.0 
4, 49,	  0,	 0.0 
4, 50,	  1,	 62.0 
4, 51,	  0,	 0.0 
4, 52,	  1,	 22.0 
4, 53,	  1,	 55.00000000000001 
4, 54,	  1,	 22.0 
4, 55,	  1,	 55.00000000000001 
4, 56,	  1,	 22.0 
4, 57,	  0,	 0.0 
4, 58,	  1,	 396.0 
4, 59,	  0,	 0.0 
4, 60,	  1,	 22.0 
4, 61,	  1,	 22.0 
4, 62,	  1,	 170.0 
4, 63,	  1,	 170.0 
4, 64,	  1,	 76.00000000000001 
4, 65,	  1,	 62.0 
4, 66,	  1,	 22.0 
4, 67,	  1,	 76.00000000000001 
4, 68,	  1,	 76.00000000000001 
4, 69,	  1,	 62.0 
4, 70,	  1,	 22.0 
4, 71,	  1,	 8.0 
4, 72,	  1,	 62.0 
5, 0,	  0,	 0.0 
5, 1,	  1,	 20.000000000000004 
5, 2,	  0,	 0.0 
5, 3,	  1,	 55.00000000000001 
5, 4,	  0,	 0.0 
5, 5,	  1,	 76.00000000000001 
5, 6,	  0,	 0.0 
5, 7,	  1,	 55.00000000000001 
5, 8,	  1,	 62.0 
5, 9,	  1,	 170.0 
5, 10,	  1,	 55.00000000000001 
5, 11,	  1,	 55.00000000000001 
5, 12,	  1,	 20.000000000000004 
5, 13,	  1,	 55.00000000000001 
5, 14,	  1,	 62.0 
5, 15,	  1,	 20.000000000000004 
5, 16,	  1,	 22.0 
5, 17,	  0,	 0.0 
5, 18,	  0,	 0.0 
5, 19,	  1,	 55.00000000000001 
5, 20,	  1,	 76.00000000000001 
5, 21,	  1,	 76.00000000000001 
5, 22,	  1,	 55.00000000000001 
5, 23,	  0,	 0.0 
5, 24,	  1,	 76.00000000000001 
5, 25,	  0,	 0.0 
5, 26,	  0,	 0.0 
5, 27,	  0,	 0.0 
5, 28,	  1,	 55.00000000000001 
5, 29,	  0,	 0.0 
5, 30,	  0,	 0.0 
5, 31,	  1,	 170.0 
5, 32,	  1,	 55.00000000000001 
5, 33,	  1,	 55.00000000000001 
5, 34,	  1,	 62.0 
5, 35,	  1,	 55.00000000000001 
5, 36,	  0,	 0.0 
5, 37,	  0,	 0.0 
5, 38,	  1,	 55.00000000000001 
5, 39,	  1,	 55.00000000000001 
5, 40,	  0,	 0.0 
5, 41,	  1,	 20.000000000000004 
5, 42,	  1,	 55.00000000000001 
5, 43,	  1,	 170.0 
5, 44,	  0,	 0.0 
5, 45,	  0,	 0.0 
5, 46,	  1,	 55.00000000000001 
5, 47,	  1,	 55.00000000000001 
5, 48,	  1,	 170.0 
5, 49,	  0,	 0.0 
5, 50,	  1,	 62.0 
5, 51,	  0,	 0.0 
5, 52,	  1,	 22.0 
5, 53,	  1,	 55.00000000000001 
5, 54,	  1,	 55.00000000000001 
5, 55,	  1,	 55.00000000000001 
5, 56,	  1,	 22.0 
5, 57,	  0,	 0.0 
5, 58,	  1,	 396.0 
5, 59,	  0,	 0.0 
5, 60,	  1,	 55.00000000000001 
5, 61,	  1,	 55.00000000000001 
5, 62,	  1,	 170.0 
5, 63,	  1,	 170.0 
5, 64,	  1,	 76.00000000000001 
5, 65,	  1,	 62.0 
5, 66,	  1,	 54.82999999999993 
5, 67,	  1,	 76.00000000000001 
5, 68,	  1,	 76.00000000000001 
5, 69,	  1,	 62.0 
5, 70,	  1,	 22.0 
5, 71,	  1,	 20.000000000000004 
5, 72,	  1,	 62.0 
6, 0,	  0,	 0.0 
6, 1,	  1,	 20.000000000000004 
6, 2,	  1,	 20.000000000000004 
6, 3,	  1,	 55.00000000000001 
6, 4,	  0,	 0.0 
6, 5,	  1,	 76.00000000000001 
6, 6,	  0,	 0.0 
6, 7,	  1,	 55.00000000000001 
6, 8,	  1,	 62.0 
6, 9,	  1,	 170.0 
6, 10,	  1,	 55.00000000000001 
6, 11,	  1,	 55.00000000000001 
6, 12,	  1,	 20.000000000000004 
6, 13,	  1,	 55.00000000000001 
6, 14,	  1,	 62.0 
6, 15,	  1,	 20.000000000000004 
6, 16,	  1,	 55.00000000000001 
6, 17,	  0,	 0.0 
6, 18,	  0,	 0.0 
6, 19,	  1,	 55.00000000000001 
6, 20,	  1,	 76.00000000000001 
6, 21,	  1,	 76.00000000000001 
6, 22,	  1,	 55.00000000000001 
6, 23,	  0,	 0.0 
6, 24,	  1,	 76.00000000000001 
6, 25,	  0,	 0.0 
6, 26,	  0,	 0.0 
6, 27,	  0,	 0.0 
6, 28,	  1,	 55.00000000000001 
6, 29,	  0,	 0.0 
6, 30,	  0,	 0.0 
6, 31,	  1,	 170.0 
6, 32,	  1,	 55.00000000000001 
6, 33,	  1,	 55.00000000000001 
6, 34,	  1,	 62.0 
6, 35,	  1,	 55.00000000000001 
6, 36,	  0,	 0.0 
6, 37,	  0,	 0.0 
6, 38,	  1,	 55.00000000000001 
6, 39,	  1,	 55.00000000000001 
6, 40,	  0,	 0.0 
6, 41,	  1,	 20.000000000000004 
6, 42,	  1,	 55.00000000000001 
6, 43,	  1,	 170.0 
6, 44,	  0,	 0.0 
6, 45,	  0,	 0.0 
6, 46,	  1,	 55.00000000000001 
6, 47,	  1,	 55.00000000000001 
6, 48,	  1,	 170.0 
6, 49,	  0,	 0.0 
6, 50,	  1,	 62.0 
6, 51,	  0,	 0.0 
6, 52,	  1,	 55.00000000000001 
6, 53,	  1,	 55.00000000000001 
6, 54,	  1,	 55.00000000000001 
6, 55,	  1,	 55.00000000000001 
6, 56,	  1,	 55.00000000000001 
6, 57,	  0,	 0.0 
6, 58,	  1,	 400.0000000000001 
6, 59,	  0,	 0.0 
6, 60,	  1,	 55.00000000000001 
6, 61,	  1,	 55.00000000000001 
6, 62,	  1,	 170.0 
6, 63,	  1,	 170.0 
6, 64,	  1,	 76.00000000000001 
6, 65,	  1,	 155.00000000000003 
6, 66,	  1,	 55.00000000000001 
6, 67,	  1,	 76.00000000000001 
6, 68,	  1,	 76.00000000000001 
6, 69,	  1,	 62.0 
6, 70,	  1,	 55.00000000000001 
6, 71,	  1,	 20.000000000000004 
6, 72,	  1,	 149.21000000000004 
7, 0,	  0,	 0.0 
7, 1,	  1,	 20.000000000000004 
7, 2,	  1,	 20.000000000000004 
7, 3,	  1,	 55.00000000000001 
7, 4,	  0,	 0.0 
7, 5,	  1,	 76.00000000000001 
7, 6,	  0,	 0.0 
7, 7,	  1,	 55.00000000000001 
7, 8,	  1,	 62.0 
7, 9,	  1,	 170.0 
7, 10,	  1,	 55.00000000000001 
7, 11,	  1,	 55.00000000000001 
7, 12,	  1,	 20.000000000000004 
7, 13,	  1,	 55.00000000000001 
7, 14,	  1,	 62.0 
7, 15,	  1,	 20.000000000000004 
7, 16,	  1,	 55.00000000000001 
7, 17,	  0,	 0.0 
7, 18,	  0,	 0.0 
7, 19,	  1,	 55.00000000000001 
7, 20,	  1,	 76.00000000000001 
7, 21,	  1,	 76.00000000000001 
7, 22,	  1,	 55.00000000000001 
7, 23,	  0,	 0.0 
7, 24,	  1,	 76.00000000000001 
7, 25,	  1,	 55.00000000000001 
7, 26,	  0,	 0.0 
7, 27,	  0,	 0.0 
7, 28,	  1,	 55.00000000000001 
7, 29,	  0,	 0.0 
7, 30,	  0,	 0.0 
7, 31,	  1,	 170.0 
7, 32,	  1,	 55.00000000000001 
7, 33,	  1,	 55.00000000000001 
7, 34,	  0,	 0.0 
7, 35,	  1,	 55.00000000000001 
7, 36,	  0,	 0.0 
7, 37,	  0,	 0.0 
7, 38,	  1,	 55.00000000000001 
7, 39,	  1,	 55.00000000000001 
7, 40,	  0,	 0.0 
7, 41,	  1,	 20.000000000000004 
7, 42,	  1,	 55.00000000000001 
7, 43,	  1,	 170.0 
7, 44,	  0,	 0.0 
7, 45,	  0,	 0.0 
7, 46,	  1,	 55.00000000000001 
7, 47,	  1,	 55.00000000000001 
7, 48,	  1,	 170.0 
7, 49,	  0,	 0.0 
7, 50,	  1,	 62.0 
7, 51,	  0,	 0.0 
7, 52,	  1,	 55.00000000000001 
7, 53,	  1,	 55.00000000000001 
7, 54,	  1,	 55.00000000000001 
7, 55,	  1,	 55.00000000000001 
7, 56,	  1,	 55.00000000000001 
7, 57,	  0,	 0.0 
7, 58,	  1,	 400.0000000000001 
7, 59,	  0,	 0.0 
7, 60,	  1,	 55.00000000000001 
7, 61,	  1,	 55.00000000000001 
7, 62,	  1,	 170.0 
7, 63,	  1,	 170.0 
7, 64,	  1,	 76.00000000000001 
7, 65,	  1,	 155.00000000000003 
7, 66,	  1,	 55.00000000000001 
7, 67,	  1,	 76.00000000000001 
7, 68,	  1,	 76.00000000000001 
7, 69,	  1,	 62.0 
7, 70,	  1,	 55.00000000000001 
7, 71,	  1,	 20.000000000000004 
7, 72,	  1,	 134.34000000000015 
8, 0,	  0,	 0.0 
8, 1,	  1,	 20.000000000000004 
8, 2,	  1,	 20.000000000000004 
8, 3,	  1,	 55.00000000000001 
8, 4,	  0,	 0.0 
8, 5,	  1,	 76.00000000000001 
8, 6,	  0,	 0.0 
8, 7,	  1,	 55.00000000000001 
8, 8,	  1,	 62.0 
8, 9,	  1,	 170.0 
8, 10,	  1,	 55.00000000000001 
8, 11,	  1,	 55.00000000000001 
8, 12,	  1,	 20.000000000000004 
8, 13,	  1,	 55.00000000000001 
8, 14,	  1,	 62.0 
8, 15,	  1,	 20.000000000000004 
8, 16,	  1,	 55.00000000000001 
8, 17,	  0,	 0.0 
8, 18,	  0,	 0.0 
8, 19,	  1,	 55.00000000000001 
8, 20,	  1,	 76.00000000000001 
8, 21,	  1,	 76.00000000000001 
8, 22,	  1,	 55.00000000000001 
8, 23,	  0,	 0.0 
8, 24,	  1,	 76.00000000000001 
8, 25,	  1,	 55.00000000000001 
8, 26,	  0,	 0.0 
8, 27,	  0,	 0.0 
8, 28,	  1,	 55.00000000000001 
8, 29,	  0,	 0.0 
8, 30,	  0,	 0.0 
8, 31,	  1,	 170.0 
8, 32,	  1,	 55.00000000000001 
8, 33,	  1,	 55.00000000000001 
8, 34,	  0,	 0.0 
8, 35,	  1,	 55.00000000000001 
8, 36,	  0,	 0.0 
8, 37,	  0,	 0.0 
8, 38,	  1,	 55.00000000000001 
8, 39,	  1,	 55.00000000000001 
8, 40,	  0,	 0.0 
8, 41,	  1,	 20.000000000000004 
8, 42,	  1,	 55.00000000000001 
8, 43,	  1,	 170.0 
8, 44,	  0,	 0.0 
8, 45,	  0,	 0.0 
8, 46,	  1,	 55.00000000000001 
8, 47,	  1,	 55.00000000000001 
8, 48,	  1,	 170.0 
8, 49,	  0,	 0.0 
8, 50,	  1,	 62.0 
8, 51,	  0,	 0.0 
8, 52,	  1,	 55.00000000000001 
8, 53,	  1,	 55.00000000000001 
8, 54,	  1,	 55.00000000000001 
8, 55,	  1,	 55.00000000000001 
8, 56,	  1,	 55.00000000000001 
8, 57,	  1,	 12.000000000000002 
8, 58,	  1,	 400.0000000000001 
8, 59,	  0,	 0.0 
8, 60,	  1,	 55.00000000000001 
8, 61,	  1,	 55.00000000000001 
8, 62,	  1,	 170.0 
8, 63,	  1,	 170.0 
8, 64,	  1,	 76.00000000000001 
8, 65,	  1,	 155.00000000000003 
8, 66,	  1,	 55.00000000000001 
8, 67,	  1,	 76.00000000000001 
8, 68,	  1,	 76.00000000000001 
8, 69,	  1,	 62.0 
8, 70,	  1,	 55.00000000000001 
8, 71,	  1,	 20.000000000000004 
8, 72,	  1,	 104.63999999999987 
9, 0,	  0,	 0.0 
9, 1,	  1,	 20.000000000000004 
9, 2,	  1,	 20.000000000000004 
9, 3,	  1,	 55.00000000000001 
9, 4,	  0,	 0.0 
9, 5,	  1,	 76.00000000000001 
9, 6,	  0,	 0.0 
9, 7,	  1,	 55.00000000000001 
9, 8,	  1,	 62.0 
9, 9,	  1,	 170.0 
9, 10,	  1,	 55.00000000000001 
9, 11,	  1,	 55.00000000000001 
9, 12,	  1,	 20.000000000000004 
9, 13,	  1,	 55.00000000000001 
9, 14,	  1,	 62.0 
9, 15,	  1,	 20.000000000000004 
9, 16,	  1,	 55.00000000000001 
9, 17,	  0,	 0.0 
9, 18,	  0,	 0.0 
9, 19,	  1,	 55.00000000000001 
9, 20,	  1,	 76.00000000000001 
9, 21,	  1,	 76.00000000000001 
9, 22,	  1,	 55.00000000000001 
9, 23,	  0,	 0.0 
9, 24,	  1,	 76.00000000000001 
9, 25,	  1,	 55.00000000000001 
9, 26,	  0,	 0.0 
9, 27,	  0,	 0.0 
9, 28,	  1,	 55.00000000000001 
9, 29,	  0,	 0.0 
9, 30,	  0,	 0.0 
9, 31,	  1,	 170.0 
9, 32,	  1,	 55.00000000000001 
9, 33,	  1,	 55.00000000000001 
9, 34,	  0,	 0.0 
9, 35,	  1,	 55.00000000000001 
9, 36,	  0,	 0.0 
9, 37,	  0,	 0.0 
9, 38,	  1,	 55.00000000000001 
9, 39,	  1,	 55.00000000000001 
9, 40,	  0,	 0.0 
9, 41,	  1,	 20.000000000000004 
9, 42,	  1,	 55.00000000000001 
9, 43,	  1,	 170.0 
9, 44,	  0,	 0.0 
9, 45,	  0,	 0.0 
9, 46,	  1,	 55.00000000000001 
9, 47,	  1,	 55.00000000000001 
9, 48,	  1,	 170.0 
9, 49,	  0,	 0.0 
9, 50,	  1,	 62.0 
9, 51,	  1,	 12.000000000000002 
9, 52,	  1,	 55.00000000000001 
9, 53,	  1,	 55.00000000000001 
9, 54,	  1,	 55.00000000000001 
9, 55,	  1,	 55.00000000000001 
9, 56,	  1,	 55.00000000000001 
9, 57,	  1,	 12.000000000000002 
9, 58,	  1,	 400.0000000000001 
9, 59,	  0,	 0.0 
9, 60,	  1,	 55.00000000000001 
9, 61,	  1,	 55.00000000000001 
9, 62,	  1,	 170.0 
9, 63,	  1,	 170.0 
9, 64,	  1,	 76.00000000000001 
9, 65,	  1,	 79.94000000000005 
9, 66,	  1,	 55.00000000000001 
9, 67,	  1,	 76.00000000000001 
9, 68,	  1,	 76.00000000000001 
9, 69,	  1,	 62.0 
9, 70,	  1,	 55.00000000000001 
9, 71,	  1,	 20.000000000000004 
9, 72,	  1,	 155.00000000000003 
10, 0,	  0,	 0.0 
10, 1,	  1,	 20.000000000000004 
10, 2,	  1,	 20.000000000000004 
10, 3,	  1,	 55.00000000000001 
10, 4,	  0,	 0.0 
10, 5,	  1,	 76.00000000000001 
10, 6,	  0,	 0.0 
10, 7,	  1,	 55.00000000000001 
10, 8,	  1,	 62.0 
10, 9,	  1,	 170.0 
10, 10,	  1,	 55.00000000000001 
10, 11,	  1,	 55.00000000000001 
10, 12,	  1,	 20.000000000000004 
10, 13,	  1,	 55.00000000000001 
10, 14,	  1,	 62.0 
10, 15,	  1,	 20.000000000000004 
10, 16,	  1,	 55.00000000000001 
10, 17,	  0,	 0.0 
10, 18,	  0,	 0.0 
10, 19,	  1,	 55.00000000000001 
10, 20,	  1,	 76.00000000000001 
10, 21,	  1,	 76.00000000000001 
10, 22,	  1,	 55.00000000000001 
10, 23,	  0,	 0.0 
10, 24,	  1,	 76.00000000000001 
10, 25,	  1,	 55.00000000000001 
10, 26,	  0,	 0.0 
10, 27,	  0,	 0.0 
10, 28,	  1,	 55.00000000000001 
10, 29,	  0,	 0.0 
10, 30,	  0,	 0.0 
10, 31,	  1,	 170.0 
10, 32,	  1,	 55.00000000000001 
10, 33,	  1,	 55.00000000000001 
10, 34,	  0,	 0.0 
10, 35,	  1,	 55.00000000000001 
10, 36,	  0,	 0.0 
10, 37,	  0,	 0.0 
10, 38,	  1,	 55.00000000000001 
10, 39,	  1,	 55.00000000000001 
10, 40,	  0,	 0.0 
10, 41,	  1,	 20.000000000000004 
10, 42,	  1,	 55.00000000000001 
10, 43,	  1,	 170.0 
10, 44,	  0,	 0.0 
10, 45,	  0,	 0.0 
10, 46,	  1,	 55.00000000000001 
10, 47,	  1,	 55.00000000000001 
10, 48,	  1,	 170.0 
10, 49,	  0,	 0.0 
10, 50,	  1,	 132.3699999999999 
10, 51,	  1,	 12.000000000000002 
10, 52,	  1,	 55.00000000000001 
10, 53,	  1,	 55.00000000000001 
10, 54,	  1,	 55.00000000000001 
10, 55,	  1,	 55.00000000000001 
10, 56,	  1,	 55.00000000000001 
10, 57,	  1,	 12.000000000000002 
10, 58,	  1,	 400.0000000000001 
10, 59,	  0,	 0.0 
10, 60,	  1,	 55.00000000000001 
10, 61,	  1,	 55.00000000000001 
10, 62,	  0,	 0.0 
10, 63,	  1,	 170.0 
10, 64,	  1,	 76.00000000000001 
10, 65,	  1,	 155.00000000000003 
10, 66,	  1,	 55.00000000000001 
10, 67,	  1,	 76.00000000000001 
10, 68,	  1,	 76.00000000000001 
10, 69,	  1,	 62.0 
10, 70,	  1,	 55.00000000000001 
10, 71,	  1,	 20.000000000000004 
10, 72,	  1,	 155.00000000000003 
11, 0,	  0,	 0.0 
11, 1,	  1,	 20.000000000000004 
11, 2,	  1,	 20.000000000000004 
11, 3,	  1,	 55.00000000000001 
11, 4,	  0,	 0.0 
11, 5,	  1,	 76.00000000000001 
11, 6,	  0,	 0.0 
11, 7,	  1,	 55.00000000000001 
11, 8,	  1,	 62.0 
11, 9,	  1,	 170.0 
11, 10,	  1,	 55.00000000000001 
11, 11,	  1,	 55.00000000000001 
11, 12,	  1,	 20.000000000000004 
11, 13,	  1,	 55.00000000000001 
11, 14,	  1,	 62.0 
11, 15,	  1,	 20.000000000000004 
11, 16,	  1,	 55.00000000000001 
11, 17,	  0,	 0.0 
11, 18,	  0,	 0.0 
11, 19,	  1,	 55.00000000000001 
11, 20,	  1,	 76.00000000000001 
11, 21,	  1,	 76.00000000000001 
11, 22,	  1,	 55.00000000000001 
11, 23,	  0,	 0.0 
11, 24,	  1,	 76.00000000000001 
11, 25,	  1,	 55.00000000000001 
11, 26,	  0,	 0.0 
11, 27,	  0,	 0.0 
11, 28,	  1,	 55.00000000000001 
11, 29,	  0,	 0.0 
11, 30,	  0,	 0.0 
11, 31,	  1,	 170.0 
11, 32,	  1,	 55.00000000000001 
11, 33,	  0,	 0.0 
11, 34,	  0,	 0.0 
11, 35,	  1,	 55.00000000000001 
11, 36,	  0,	 0.0 
11, 37,	  0,	 0.0 
11, 38,	  1,	 55.00000000000001 
11, 39,	  1,	 55.00000000000001 
11, 40,	  0,	 0.0 
11, 41,	  1,	 20.000000000000004 
11, 42,	  1,	 55.00000000000001 
11, 43,	  1,	 170.0 
11, 44,	  1,	 20.000000000000004 
11, 45,	  0,	 0.0 
11, 46,	  1,	 55.00000000000001 
11, 47,	  1,	 55.00000000000001 
11, 48,	  1,	 170.0 
11, 49,	  0,	 0.0 
11, 50,	  1,	 147.19000000000005 
11, 51,	  1,	 12.000000000000002 
11, 52,	  1,	 55.00000000000001 
11, 53,	  1,	 55.00000000000001 
11, 54,	  1,	 55.00000000000001 
11, 55,	  1,	 55.00000000000001 
11, 56,	  1,	 55.00000000000001 
11, 57,	  1,	 12.000000000000002 
11, 58,	  1,	 400.0000000000001 
11, 59,	  0,	 0.0 
11, 60,	  1,	 55.00000000000001 
11, 61,	  1,	 55.00000000000001 
11, 62,	  0,	 0.0 
11, 63,	  1,	 170.0 
11, 64,	  1,	 76.00000000000001 
11, 65,	  1,	 155.00000000000003 
11, 66,	  1,	 55.00000000000001 
11, 67,	  1,	 76.00000000000001 
11, 68,	  1,	 76.00000000000001 
11, 69,	  1,	 62.0 
11, 70,	  1,	 55.00000000000001 
11, 71,	  1,	 20.000000000000004 
11, 72,	  1,	 155.00000000000003 
12, 0,	  0,	 0.0 
12, 1,	  1,	 20.000000000000004 
12, 2,	  1,	 20.000000000000004 
12, 3,	  1,	 55.00000000000001 
12, 4,	  1,	 20.000000000000004 
12, 5,	  1,	 76.00000000000001 
12, 6,	  0,	 0.0 
12, 7,	  1,	 55.00000000000001 
12, 8,	  1,	 62.0 
12, 9,	  1,	 170.0 
12, 10,	  1,	 55.00000000000001 
12, 11,	  1,	 55.00000000000001 
12, 12,	  1,	 20.000000000000004 
12, 13,	  1,	 55.00000000000001 
12, 14,	  1,	 62.0 
12, 15,	  1,	 20.000000000000004 
12, 16,	  1,	 55.00000000000001 
12, 17,	  0,	 0.0 
12, 18,	  0,	 0.0 
12, 19,	  1,	 55.00000000000001 
12, 20,	  1,	 76.00000000000001 
12, 21,	  1,	 76.00000000000001 
12, 22,	  1,	 55.00000000000001 
12, 23,	  0,	 0.0 
12, 24,	  1,	 76.00000000000001 
12, 25,	  1,	 55.00000000000001 
12, 26,	  0,	 0.0 
12, 27,	  0,	 0.0 
12, 28,	  1,	 55.00000000000001 
12, 29,	  0,	 0.0 
12, 30,	  0,	 0.0 
12, 31,	  1,	 170.0 
12, 32,	  1,	 55.00000000000001 
12, 33,	  0,	 0.0 
12, 34,	  0,	 0.0 
12, 35,	  1,	 55.00000000000001 
12, 36,	  0,	 0.0 
12, 37,	  0,	 0.0 
12, 38,	  1,	 55.00000000000001 
12, 39,	  1,	 55.00000000000001 
12, 40,	  0,	 0.0 
12, 41,	  1,	 20.000000000000004 
12, 42,	  1,	 55.00000000000001 
12, 43,	  1,	 170.0 
12, 44,	  1,	 20.000000000000004 
12, 45,	  0,	 0.0 
12, 46,	  1,	 55.00000000000001 
12, 47,	  1,	 55.00000000000001 
12, 48,	  1,	 170.0 
12, 49,	  0,	 0.0 
12, 50,	  1,	 97.7199999999998 
12, 51,	  1,	 12.000000000000002 
12, 52,	  1,	 55.00000000000001 
12, 53,	  1,	 55.00000000000001 
12, 54,	  1,	 55.00000000000001 
12, 55,	  1,	 55.00000000000001 
12, 56,	  1,	 55.00000000000001 
12, 57,	  1,	 12.000000000000002 
12, 58,	  1,	 400.0000000000001 
12, 59,	  0,	 0.0 
12, 60,	  1,	 55.00000000000001 
12, 61,	  1,	 55.00000000000001 
12, 62,	  0,	 0.0 
12, 63,	  1,	 170.0 
12, 64,	  1,	 76.00000000000001 
12, 65,	  1,	 155.00000000000003 
12, 66,	  1,	 55.00000000000001 
12, 67,	  1,	 76.00000000000001 
12, 68,	  1,	 76.00000000000001 
12, 69,	  1,	 62.0 
12, 70,	  1,	 55.00000000000001 
12, 71,	  1,	 20.000000000000004 
12, 72,	  1,	 155.00000000000003 
13, 0,	  0,	 0.0 
13, 1,	  1,	 20.000000000000004 
13, 2,	  1,	 20.000000000000004 
13, 3,	  1,	 55.00000000000001 
13, 4,	  1,	 20.000000000000004 
13, 5,	  1,	 76.00000000000001 
13, 6,	  0,	 0.0 
13, 7,	  1,	 55.00000000000001 
13, 8,	  1,	 62.0 
13, 9,	  1,	 170.0 
13, 10,	  1,	 55.00000000000001 
13, 11,	  1,	 55.00000000000001 
13, 12,	  1,	 20.000000000000004 
13, 13,	  1,	 55.00000000000001 
13, 14,	  1,	 62.0 
13, 15,	  1,	 20.000000000000004 
13, 16,	  1,	 55.00000000000001 
13, 17,	  0,	 0.0 
13, 18,	  0,	 0.0 
13, 19,	  1,	 55.00000000000001 
13, 20,	  1,	 76.00000000000001 
13, 21,	  1,	 76.00000000000001 
13, 22,	  1,	 55.00000000000001 
13, 23,	  0,	 0.0 
13, 24,	  1,	 76.00000000000001 
13, 25,	  1,	 55.00000000000001 
13, 26,	  0,	 0.0 
13, 27,	  0,	 0.0 
13, 28,	  1,	 55.00000000000001 
13, 29,	  0,	 0.0 
13, 30,	  0,	 0.0 
13, 31,	  1,	 170.0 
13, 32,	  1,	 55.00000000000001 
13, 33,	  0,	 0.0 
13, 34,	  0,	 0.0 
13, 35,	  1,	 55.00000000000001 
13, 36,	  0,	 0.0 
13, 37,	  0,	 0.0 
13, 38,	  1,	 55.00000000000001 
13, 39,	  1,	 55.00000000000001 
13, 40,	  0,	 0.0 
13, 41,	  1,	 20.000000000000004 
13, 42,	  1,	 55.00000000000001 
13, 43,	  1,	 170.0 
13, 44,	  1,	 20.000000000000004 
13, 45,	  0,	 0.0 
13, 46,	  1,	 55.00000000000001 
13, 47,	  1,	 55.00000000000001 
13, 48,	  1,	 170.0 
13, 49,	  0,	 0.0 
13, 50,	  1,	 62.0 
13, 51,	  1,	 12.000000000000002 
13, 52,	  1,	 55.00000000000001 
13, 53,	  1,	 55.00000000000001 
13, 54,	  1,	 55.00000000000001 
13, 55,	  1,	 55.00000000000001 
13, 56,	  1,	 55.00000000000001 
13, 57,	  1,	 12.000000000000002 
13, 58,	  1,	 400.0000000000001 
13, 59,	  0,	 0.0 
13, 60,	  1,	 55.00000000000001 
13, 61,	  1,	 55.00000000000001 
13, 62,	  0,	 0.0 
13, 63,	  1,	 170.0 
13, 64,	  1,	 76.00000000000001 
13, 65,	  1,	 153.9000000000001 
13, 66,	  1,	 55.00000000000001 
13, 67,	  1,	 76.00000000000001 
13, 68,	  1,	 76.00000000000001 
13, 69,	  1,	 62.0 
13, 70,	  1,	 55.00000000000001 
13, 71,	  1,	 20.000000000000004 
13, 72,	  1,	 155.00000000000003 
14, 0,	  0,	 0.0 
14, 1,	  1,	 20.000000000000004 
14, 2,	  1,	 20.000000000000004 
14, 3,	  1,	 55.00000000000001 
14, 4,	  1,	 20.000000000000004 
14, 5,	  1,	 76.00000000000001 
14, 6,	  0,	 0.0 
14, 7,	  1,	 55.00000000000001 
14, 8,	  1,	 62.0 
14, 9,	  1,	 170.0 
14, 10,	  1,	 55.00000000000001 
14, 11,	  1,	 55.00000000000001 
14, 12,	  1,	 20.000000000000004 
14, 13,	  1,	 55.00000000000001 
14, 14,	  1,	 62.0 
14, 15,	  1,	 20.000000000000004 
14, 16,	  1,	 55.00000000000001 
14, 17,	  0,	 0.0 
14, 18,	  0,	 0.0 
14, 19,	  1,	 55.00000000000001 
14, 20,	  1,	 76.00000000000001 
14, 21,	  1,	 76.00000000000001 
14, 22,	  1,	 55.00000000000001 
14, 23,	  0,	 0.0 
14, 24,	  1,	 76.00000000000001 
14, 25,	  1,	 55.00000000000001 
14, 26,	  0,	 0.0 
14, 27,	  0,	 0.0 
14, 28,	  1,	 55.00000000000001 
14, 29,	  0,	 0.0 
14, 30,	  0,	 0.0 
14, 31,	  1,	 170.0 
14, 32,	  1,	 55.00000000000001 
14, 33,	  0,	 0.0 
14, 34,	  0,	 0.0 
14, 35,	  1,	 55.00000000000001 
14, 36,	  0,	 0.0 
14, 37,	  0,	 0.0 
14, 38,	  1,	 55.00000000000001 
14, 39,	  1,	 55.00000000000001 
14, 40,	  0,	 0.0 
14, 41,	  1,	 20.000000000000004 
14, 42,	  1,	 55.00000000000001 
14, 43,	  1,	 170.0 
14, 44,	  1,	 20.000000000000004 
14, 45,	  0,	 0.0 
14, 46,	  1,	 55.00000000000001 
14, 47,	  1,	 55.00000000000001 
14, 48,	  1,	 170.0 
14, 49,	  0,	 0.0 
14, 50,	  1,	 62.0 
14, 51,	  1,	 12.000000000000002 
14, 52,	  1,	 55.00000000000001 
14, 53,	  1,	 55.00000000000001 
14, 54,	  1,	 55.00000000000001 
14, 55,	  1,	 55.00000000000001 
14, 56,	  1,	 55.00000000000001 
14, 57,	  1,	 12.000000000000002 
14, 58,	  1,	 400.0000000000001 
14, 59,	  0,	 0.0 
14, 60,	  1,	 55.00000000000001 
14, 61,	  1,	 55.00000000000001 
14, 62,	  0,	 0.0 
14, 63,	  1,	 170.0 
14, 64,	  1,	 76.00000000000001 
14, 65,	  1,	 130.59000000000015 
14, 66,	  1,	 55.00000000000001 
14, 67,	  1,	 76.00000000000001 
14, 68,	  1,	 76.00000000000001 
14, 69,	  1,	 62.0 
14, 70,	  1,	 55.00000000000001 
14, 71,	  1,	 20.000000000000004 
14, 72,	  1,	 155.00000000000003 
15, 0,	  0,	 0.0 
15, 1,	  1,	 20.000000000000004 
15, 2,	  1,	 20.000000000000004 
15, 3,	  1,	 55.00000000000001 
15, 4,	  1,	 20.000000000000004 
15, 5,	  1,	 76.00000000000001 
15, 6,	  0,	 0.0 
15, 7,	  1,	 55.00000000000001 
15, 8,	  1,	 62.0 
15, 9,	  1,	 170.0 
15, 10,	  1,	 55.00000000000001 
15, 11,	  1,	 55.00000000000001 
15, 12,	  1,	 20.000000000000004 
15, 13,	  1,	 55.00000000000001 
15, 14,	  1,	 62.0 
15, 15,	  1,	 20.000000000000004 
15, 16,	  1,	 55.00000000000001 
15, 17,	  0,	 0.0 
15, 18,	  0,	 0.0 
15, 19,	  1,	 55.00000000000001 
15, 20,	  1,	 76.00000000000001 
15, 21,	  1,	 76.00000000000001 
15, 22,	  1,	 55.00000000000001 
15, 23,	  0,	 0.0 
15, 24,	  1,	 76.00000000000001 
15, 25,	  1,	 55.00000000000001 
15, 26,	  0,	 0.0 
15, 27,	  0,	 0.0 
15, 28,	  1,	 55.00000000000001 
15, 29,	  0,	 0.0 
15, 30,	  0,	 0.0 
15, 31,	  1,	 170.0 
15, 32,	  1,	 55.00000000000001 
15, 33,	  0,	 0.0 
15, 34,	  0,	 0.0 
15, 35,	  1,	 55.00000000000001 
15, 36,	  0,	 0.0 
15, 37,	  0,	 0.0 
15, 38,	  1,	 55.00000000000001 
15, 39,	  1,	 55.00000000000001 
15, 40,	  0,	 0.0 
15, 41,	  1,	 20.000000000000004 
15, 42,	  1,	 55.00000000000001 
15, 43,	  1,	 170.0 
15, 44,	  1,	 20.000000000000004 
15, 45,	  0,	 0.0 
15, 46,	  1,	 55.00000000000001 
15, 47,	  1,	 55.00000000000001 
15, 48,	  1,	 170.0 
15, 49,	  0,	 0.0 
15, 50,	  1,	 62.0 
15, 51,	  1,	 12.000000000000002 
15, 52,	  1,	 55.00000000000001 
15, 53,	  1,	 55.00000000000001 
15, 54,	  1,	 55.00000000000001 
15, 55,	  1,	 55.00000000000001 
15, 56,	  1,	 55.00000000000001 
15, 57,	  1,	 12.000000000000002 
15, 58,	  1,	 400.0000000000001 
15, 59,	  0,	 0.0 
15, 60,	  1,	 55.00000000000001 
15, 61,	  1,	 55.00000000000001 
15, 62,	  0,	 0.0 
15, 63,	  1,	 170.0 
15, 64,	  1,	 76.00000000000001 
15, 65,	  1,	 83.40999999999985 
15, 66,	  1,	 55.00000000000001 
15, 67,	  1,	 76.00000000000001 
15, 68,	  1,	 76.00000000000001 
15, 69,	  1,	 62.0 
15, 70,	  1,	 55.00000000000001 
15, 71,	  1,	 20.000000000000004 
15, 72,	  1,	 155.00000000000003 
16, 0,	  0,	 0.0 
16, 1,	  1,	 20.000000000000004 
16, 2,	  1,	 20.000000000000004 
16, 3,	  1,	 55.00000000000001 
16, 4,	  1,	 20.000000000000004 
16, 5,	  1,	 76.00000000000001 
16, 6,	  0,	 0.0 
16, 7,	  1,	 55.00000000000001 
16, 8,	  1,	 62.0 
16, 9,	  1,	 170.0 
16, 10,	  1,	 55.00000000000001 
16, 11,	  1,	 55.00000000000001 
16, 12,	  1,	 20.000000000000004 
16, 13,	  1,	 55.00000000000001 
16, 14,	  1,	 62.0 
16, 15,	  1,	 20.000000000000004 
16, 16,	  1,	 55.00000000000001 
16, 17,	  0,	 0.0 
16, 18,	  0,	 0.0 
16, 19,	  1,	 55.00000000000001 
16, 20,	  1,	 76.00000000000001 
16, 21,	  1,	 76.00000000000001 
16, 22,	  1,	 55.00000000000001 
16, 23,	  0,	 0.0 
16, 24,	  1,	 76.00000000000001 
16, 25,	  1,	 55.00000000000001 
16, 26,	  0,	 0.0 
16, 27,	  0,	 0.0 
16, 28,	  1,	 55.00000000000001 
16, 29,	  0,	 0.0 
16, 30,	  0,	 0.0 
16, 31,	  1,	 170.0 
16, 32,	  1,	 55.00000000000001 
16, 33,	  0,	 0.0 
16, 34,	  0,	 0.0 
16, 35,	  1,	 55.00000000000001 
16, 36,	  0,	 0.0 
16, 37,	  0,	 0.0 
16, 38,	  1,	 55.00000000000001 
16, 39,	  1,	 55.00000000000001 
16, 40,	  0,	 0.0 
16, 41,	  1,	 20.000000000000004 
16, 42,	  1,	 55.00000000000001 
16, 43,	  1,	 170.0 
16, 44,	  1,	 20.000000000000004 
16, 45,	  0,	 0.0 
16, 46,	  1,	 55.00000000000001 
16, 47,	  1,	 55.00000000000001 
16, 48,	  1,	 170.0 
16, 49,	  0,	 0.0 
16, 50,	  1,	 62.0 
16, 51,	  1,	 12.000000000000002 
16, 52,	  1,	 55.00000000000001 
16, 53,	  1,	 55.00000000000001 
16, 54,	  1,	 55.00000000000001 
16, 55,	  1,	 55.00000000000001 
16, 56,	  1,	 55.00000000000001 
16, 57,	  1,	 12.000000000000002 
16, 58,	  1,	 400.0000000000001 
16, 59,	  0,	 0.0 
16, 60,	  1,	 55.00000000000001 
16, 61,	  1,	 55.00000000000001 
16, 62,	  0,	 0.0 
16, 63,	  1,	 170.0 
16, 64,	  1,	 76.00000000000001 
16, 65,	  1,	 154.80999999999995 
16, 66,	  1,	 55.00000000000001 
16, 67,	  1,	 76.00000000000001 
16, 68,	  1,	 76.00000000000001 
16, 69,	  1,	 62.0 
16, 70,	  1,	 55.00000000000001 
16, 71,	  1,	 20.000000000000004 
16, 72,	  1,	 155.00000000000003 
17, 0,	  0,	 0.0 
17, 1,	  1,	 20.000000000000004 
17, 2,	  1,	 20.000000000000004 
17, 3,	  1,	 55.00000000000001 
17, 4,	  1,	 20.000000000000004 
17, 5,	  1,	 76.00000000000001 
17, 6,	  0,	 0.0 
17, 7,	  1,	 55.00000000000001 
17, 8,	  1,	 155.00000000000003 
17, 9,	  1,	 170.0 
17, 10,	  1,	 55.00000000000001 
17, 11,	  1,	 55.00000000000001 
17, 12,	  1,	 20.000000000000004 
17, 13,	  1,	 55.00000000000001 
17, 14,	  1,	 155.00000000000003 
17, 15,	  1,	 20.000000000000004 
17, 16,	  1,	 55.00000000000001 
17, 17,	  0,	 0.0 
17, 18,	  1,	 12.000000000000002 
17, 19,	  1,	 55.00000000000001 
17, 20,	  1,	 76.00000000000001 
17, 21,	  1,	 76.00000000000001 
17, 22,	  1,	 55.00000000000001 
17, 23,	  0,	 0.0 
17, 24,	  1,	 76.00000000000001 
17, 25,	  1,	 55.00000000000001 
17, 26,	  0,	 0.0 
17, 27,	  0,	 0.0 
17, 28,	  1,	 55.00000000000001 
17, 29,	  0,	 0.0 
17, 30,	  0,	 0.0 
17, 31,	  1,	 170.0 
17, 32,	  1,	 55.00000000000001 
17, 33,	  0,	 0.0 
17, 34,	  0,	 0.0 
17, 35,	  1,	 55.00000000000001 
17, 36,	  1,	 12.000000000000002 
17, 37,	  0,	 0.0 
17, 38,	  1,	 55.00000000000001 
17, 39,	  1,	 55.00000000000001 
17, 40,	  0,	 0.0 
17, 41,	  1,	 20.000000000000004 
17, 42,	  1,	 55.00000000000001 
17, 43,	  1,	 170.0 
17, 44,	  1,	 20.000000000000004 
17, 45,	  0,	 0.0 
17, 46,	  1,	 55.00000000000001 
17, 47,	  1,	 55.00000000000001 
17, 48,	  1,	 170.0 
17, 49,	  1,	 12.000000000000002 
17, 50,	  1,	 155.00000000000003 
17, 51,	  1,	 12.000000000000002 
17, 52,	  1,	 55.00000000000001 
17, 53,	  1,	 55.00000000000001 
17, 54,	  1,	 55.00000000000001 
17, 55,	  1,	 55.00000000000001 
17, 56,	  1,	 55.00000000000001 
17, 57,	  1,	 12.000000000000002 
17, 58,	  1,	 400.0000000000001 
17, 59,	  0,	 0.0 
17, 60,	  1,	 55.00000000000001 
17, 61,	  1,	 55.00000000000001 
17, 62,	  0,	 0.0 
17, 63,	  1,	 170.0 
17, 64,	  1,	 76.00000000000001 
17, 65,	  1,	 155.00000000000003 
17, 66,	  1,	 55.00000000000001 
17, 67,	  1,	 76.00000000000001 
17, 68,	  1,	 76.00000000000001 
17, 69,	  1,	 153.6800000000003 
17, 70,	  1,	 55.00000000000001 
17, 71,	  1,	 20.000000000000004 
17, 72,	  1,	 155.00000000000003 
18, 0,	  0,	 0.0 
18, 1,	  1,	 20.000000000000004 
18, 2,	  1,	 20.000000000000004 
18, 3,	  1,	 55.00000000000001 
18, 4,	  1,	 20.000000000000004 
18, 5,	  1,	 76.00000000000001 
18, 6,	  0,	 0.0 
18, 7,	  1,	 55.00000000000001 
18, 8,	  1,	 155.00000000000003 
18, 9,	  1,	 170.0 
18, 10,	  1,	 55.00000000000001 
18, 11,	  1,	 55.00000000000001 
18, 12,	  1,	 20.000000000000004 
18, 13,	  1,	 55.00000000000001 
18, 14,	  1,	 155.00000000000003 
18, 15,	  1,	 20.000000000000004 
18, 16,	  1,	 55.00000000000001 
18, 17,	  0,	 0.0 
18, 18,	  1,	 12.000000000000002 
18, 19,	  1,	 55.00000000000001 
18, 20,	  1,	 76.00000000000001 
18, 21,	  1,	 76.00000000000001 
18, 22,	  1,	 55.00000000000001 
18, 23,	  0,	 0.0 
18, 24,	  1,	 76.00000000000001 
18, 25,	  1,	 55.00000000000001 
18, 26,	  0,	 0.0 
18, 27,	  0,	 0.0 
18, 28,	  1,	 55.00000000000001 
18, 29,	  0,	 0.0 
18, 30,	  0,	 0.0 
18, 31,	  1,	 170.0 
18, 32,	  1,	 55.00000000000001 
18, 33,	  0,	 0.0 
18, 34,	  0,	 0.0 
18, 35,	  1,	 55.00000000000001 
18, 36,	  1,	 12.000000000000002 
18, 37,	  0,	 0.0 
18, 38,	  1,	 55.00000000000001 
18, 39,	  1,	 55.00000000000001 
18, 40,	  0,	 0.0 
18, 41,	  1,	 20.000000000000004 
18, 42,	  1,	 55.00000000000001 
18, 43,	  1,	 290.0699999999997 
18, 44,	  1,	 20.000000000000004 
18, 45,	  1,	 20.000000000000004 
18, 46,	  1,	 55.00000000000001 
18, 47,	  1,	 55.00000000000001 
18, 48,	  1,	 170.0 
18, 49,	  1,	 12.000000000000002 
18, 50,	  1,	 155.00000000000003 
18, 51,	  1,	 12.000000000000002 
18, 52,	  1,	 55.00000000000001 
18, 53,	  1,	 55.00000000000001 
18, 54,	  1,	 55.00000000000001 
18, 55,	  1,	 55.00000000000001 
18, 56,	  1,	 55.00000000000001 
18, 57,	  1,	 12.000000000000002 
18, 58,	  1,	 400.0000000000001 
18, 59,	  0,	 0.0 
18, 60,	  1,	 55.00000000000001 
18, 61,	  1,	 55.00000000000001 
18, 62,	  0,	 0.0 
18, 63,	  1,	 170.0 
18, 64,	  1,	 76.00000000000001 
18, 65,	  1,	 155.00000000000003 
18, 66,	  1,	 55.00000000000001 
18, 67,	  1,	 76.00000000000001 
18, 68,	  1,	 76.00000000000001 
18, 69,	  1,	 155.00000000000003 
18, 70,	  1,	 55.00000000000001 
18, 71,	  1,	 20.000000000000004 
18, 72,	  1,	 155.00000000000003 
19, 0,	  0,	 0.0 
19, 1,	  1,	 20.000000000000004 
19, 2,	  1,	 20.000000000000004 
19, 3,	  1,	 55.00000000000001 
19, 4,	  1,	 20.000000000000004 
19, 5,	  1,	 76.00000000000001 
19, 6,	  0,	 0.0 
19, 7,	  1,	 55.00000000000001 
19, 8,	  1,	 155.00000000000003 
19, 9,	  1,	 170.0 
19, 10,	  1,	 55.00000000000001 
19, 11,	  1,	 55.00000000000001 
19, 12,	  1,	 20.000000000000004 
19, 13,	  1,	 55.00000000000001 
19, 14,	  1,	 155.00000000000003 
19, 15,	  1,	 20.000000000000004 
19, 16,	  1,	 55.00000000000001 
19, 17,	  0,	 0.0 
19, 18,	  1,	 12.000000000000002 
19, 19,	  1,	 55.00000000000001 
19, 20,	  1,	 76.00000000000001 
19, 21,	  1,	 76.00000000000001 
19, 22,	  1,	 55.00000000000001 
19, 23,	  0,	 0.0 
19, 24,	  1,	 76.00000000000001 
19, 25,	  1,	 55.00000000000001 
19, 26,	  0,	 0.0 
19, 27,	  0,	 0.0 
19, 28,	  1,	 55.00000000000001 
19, 29,	  0,	 0.0 
19, 30,	  0,	 0.0 
19, 31,	  1,	 170.0 
19, 32,	  1,	 55.00000000000001 
19, 33,	  0,	 0.0 
19, 34,	  0,	 0.0 
19, 35,	  1,	 55.00000000000001 
19, 36,	  1,	 12.000000000000002 
19, 37,	  0,	 0.0 
19, 38,	  1,	 55.00000000000001 
19, 39,	  1,	 55.00000000000001 
19, 40,	  0,	 0.0 
19, 41,	  1,	 20.000000000000004 
19, 42,	  1,	 55.00000000000001 
19, 43,	  1,	 198.01000000000022 
19, 44,	  1,	 20.000000000000004 
19, 45,	  1,	 20.000000000000004 
19, 46,	  1,	 55.00000000000001 
19, 47,	  1,	 55.00000000000001 
19, 48,	  1,	 170.0 
19, 49,	  1,	 12.000000000000002 
19, 50,	  1,	 155.00000000000003 
19, 51,	  1,	 12.000000000000002 
19, 52,	  1,	 55.00000000000001 
19, 53,	  1,	 55.00000000000001 
19, 54,	  1,	 55.00000000000001 
19, 55,	  1,	 55.00000000000001 
19, 56,	  1,	 55.00000000000001 
19, 57,	  1,	 12.000000000000002 
19, 58,	  1,	 400.0000000000001 
19, 59,	  0,	 0.0 
19, 60,	  1,	 55.00000000000001 
19, 61,	  1,	 55.00000000000001 
19, 62,	  0,	 0.0 
19, 63,	  1,	 170.0 
19, 64,	  1,	 76.00000000000001 
19, 65,	  1,	 155.00000000000003 
19, 66,	  1,	 55.00000000000001 
19, 67,	  1,	 76.00000000000001 
19, 68,	  1,	 76.00000000000001 
19, 69,	  1,	 155.00000000000003 
19, 70,	  1,	 55.00000000000001 
19, 71,	  1,	 20.000000000000004 
19, 72,	  1,	 155.00000000000003 
20, 0,	  0,	 0.0 
20, 1,	  1,	 20.000000000000004 
20, 2,	  1,	 20.000000000000004 
20, 3,	  1,	 55.00000000000001 
20, 4,	  1,	 20.000000000000004 
20, 5,	  1,	 76.00000000000001 
20, 6,	  0,	 0.0 
20, 7,	  1,	 55.00000000000001 
20, 8,	  1,	 155.00000000000003 
20, 9,	  1,	 170.0 
20, 10,	  1,	 55.00000000000001 
20, 11,	  1,	 55.00000000000001 
20, 12,	  1,	 20.000000000000004 
20, 13,	  1,	 55.00000000000001 
20, 14,	  1,	 113.11999999999989 
20, 15,	  1,	 20.000000000000004 
20, 16,	  1,	 55.00000000000001 
20, 17,	  0,	 0.0 
20, 18,	  1,	 12.000000000000002 
20, 19,	  1,	 55.00000000000001 
20, 20,	  1,	 76.00000000000001 
20, 21,	  1,	 76.00000000000001 
20, 22,	  1,	 55.00000000000001 
20, 23,	  0,	 0.0 
20, 24,	  1,	 76.00000000000001 
20, 25,	  1,	 55.00000000000001 
20, 26,	  0,	 0.0 
20, 27,	  0,	 0.0 
20, 28,	  1,	 55.00000000000001 
20, 29,	  0,	 0.0 
20, 30,	  0,	 0.0 
20, 31,	  1,	 170.0 
20, 32,	  1,	 55.00000000000001 
20, 33,	  0,	 0.0 
20, 34,	  0,	 0.0 
20, 35,	  1,	 55.00000000000001 
20, 36,	  1,	 12.000000000000002 
20, 37,	  0,	 0.0 
20, 38,	  1,	 55.00000000000001 
20, 39,	  1,	 55.00000000000001 
20, 40,	  0,	 0.0 
20, 41,	  1,	 20.000000000000004 
20, 42,	  1,	 55.00000000000001 
20, 43,	  1,	 170.0 
20, 44,	  1,	 20.000000000000004 
20, 45,	  1,	 20.000000000000004 
20, 46,	  1,	 55.00000000000001 
20, 47,	  1,	 55.00000000000001 
20, 48,	  1,	 170.0 
20, 49,	  1,	 12.000000000000002 
20, 50,	  1,	 155.00000000000003 
20, 51,	  1,	 12.000000000000002 
20, 52,	  1,	 55.00000000000001 
20, 53,	  1,	 55.00000000000001 
20, 54,	  1,	 55.00000000000001 
20, 55,	  1,	 55.00000000000001 
20, 56,	  1,	 55.00000000000001 
20, 57,	  1,	 12.000000000000002 
20, 58,	  1,	 400.0000000000001 
20, 59,	  0,	 0.0 
20, 60,	  1,	 55.00000000000001 
20, 61,	  1,	 55.00000000000001 
20, 62,	  0,	 0.0 
20, 63,	  1,	 170.0 
20, 64,	  1,	 76.00000000000001 
20, 65,	  1,	 155.00000000000003 
20, 66,	  1,	 55.00000000000001 
20, 67,	  1,	 76.00000000000001 
20, 68,	  1,	 76.00000000000001 
20, 69,	  1,	 62.0 
20, 70,	  1,	 55.00000000000001 
20, 71,	  1,	 20.000000000000004 
20, 72,	  1,	 155.00000000000003 
21, 0,	  0,	 0.0 
21, 1,	  1,	 20.000000000000004 
21, 2,	  1,	 20.000000000000004 
21, 3,	  1,	 55.00000000000001 
21, 4,	  1,	 20.000000000000004 
21, 5,	  1,	 76.00000000000001 
21, 6,	  0,	 0.0 
21, 7,	  1,	 55.00000000000001 
21, 8,	  1,	 62.0 
21, 9,	  1,	 170.0 
21, 10,	  1,	 55.00000000000001 
21, 11,	  1,	 55.00000000000001 
21, 12,	  1,	 20.000000000000004 
21, 13,	  1,	 55.00000000000001 
21, 14,	  1,	 62.0 
21, 15,	  1,	 20.000000000000004 
21, 16,	  1,	 55.00000000000001 
21, 17,	  0,	 0.0 
21, 18,	  0,	 0.0 
21, 19,	  1,	 55.00000000000001 
21, 20,	  1,	 76.00000000000001 
21, 21,	  1,	 76.00000000000001 
21, 22,	  1,	 55.00000000000001 
21, 23,	  0,	 0.0 
21, 24,	  1,	 76.00000000000001 
21, 25,	  1,	 55.00000000000001 
21, 26,	  0,	 0.0 
21, 27,	  0,	 0.0 
21, 28,	  1,	 55.00000000000001 
21, 29,	  0,	 0.0 
21, 30,	  0,	 0.0 
21, 31,	  1,	 170.0 
21, 32,	  1,	 55.00000000000001 
21, 33,	  0,	 0.0 
21, 34,	  0,	 0.0 
21, 35,	  1,	 55.00000000000001 
21, 36,	  0,	 0.0 
21, 37,	  0,	 0.0 
21, 38,	  1,	 55.00000000000001 
21, 39,	  1,	 55.00000000000001 
21, 40,	  0,	 0.0 
21, 41,	  1,	 20.000000000000004 
21, 42,	  1,	 55.00000000000001 
21, 43,	  1,	 170.0 
21, 44,	  1,	 20.000000000000004 
21, 45,	  1,	 20.000000000000004 
21, 46,	  1,	 55.00000000000001 
21, 47,	  1,	 55.00000000000001 
21, 48,	  1,	 170.0 
21, 49,	  0,	 0.0 
21, 50,	  1,	 62.0 
21, 51,	  1,	 12.000000000000002 
21, 52,	  1,	 55.00000000000001 
21, 53,	  1,	 55.00000000000001 
21, 54,	  1,	 55.00000000000001 
21, 55,	  1,	 55.00000000000001 
21, 56,	  1,	 55.00000000000001 
21, 57,	  1,	 12.000000000000002 
21, 58,	  1,	 400.0000000000001 
21, 59,	  0,	 0.0 
21, 60,	  1,	 55.00000000000001 
21, 61,	  1,	 55.00000000000001 
21, 62,	  0,	 0.0 
21, 63,	  1,	 170.0 
21, 64,	  1,	 76.00000000000001 
21, 65,	  1,	 155.00000000000003 
21, 66,	  1,	 55.00000000000001 
21, 67,	  1,	 76.00000000000001 
21, 68,	  1,	 76.00000000000001 
21, 69,	  1,	 62.0 
21, 70,	  1,	 55.00000000000001 
21, 71,	  1,	 20.000000000000004 
21, 72,	  1,	 137.0 
22, 0,	  0,	 0.0 
22, 1,	  1,	 20.000000000000004 
22, 2,	  1,	 20.000000000000004 
22, 3,	  1,	 55.00000000000001 
22, 4,	  1,	 20.000000000000004 
22, 5,	  1,	 76.00000000000001 
22, 6,	  0,	 0.0 
22, 7,	  1,	 55.00000000000001 
22, 8,	  1,	 62.0 
22, 9,	  1,	 170.0 
22, 10,	  1,	 55.00000000000001 
22, 11,	  1,	 55.00000000000001 
22, 12,	  1,	 20.000000000000004 
22, 13,	  1,	 55.00000000000001 
22, 14,	  1,	 62.0 
22, 15,	  1,	 20.000000000000004 
22, 16,	  1,	 55.00000000000001 
22, 17,	  0,	 0.0 
22, 18,	  0,	 0.0 
22, 19,	  1,	 55.00000000000001 
22, 20,	  1,	 76.00000000000001 
22, 21,	  1,	 76.00000000000001 
22, 22,	  1,	 55.00000000000001 
22, 23,	  0,	 0.0 
22, 24,	  1,	 76.00000000000001 
22, 25,	  1,	 55.00000000000001 
22, 26,	  0,	 0.0 
22, 27,	  0,	 0.0 
22, 28,	  1,	 55.00000000000001 
22, 29,	  0,	 0.0 
22, 30,	  0,	 0.0 
22, 31,	  1,	 170.0 
22, 32,	  1,	 55.00000000000001 
22, 33,	  0,	 0.0 
22, 34,	  1,	 62.0 
22, 35,	  1,	 55.00000000000001 
22, 36,	  0,	 0.0 
22, 37,	  0,	 0.0 
22, 38,	  1,	 55.00000000000001 
22, 39,	  1,	 55.00000000000001 
22, 40,	  0,	 0.0 
22, 41,	  1,	 20.000000000000004 
22, 42,	  1,	 55.00000000000001 
22, 43,	  0,	 0.0 
22, 44,	  1,	 20.000000000000004 
22, 45,	  1,	 20.000000000000004 
22, 46,	  1,	 55.00000000000001 
22, 47,	  1,	 55.00000000000001 
22, 48,	  1,	 170.0 
22, 49,	  0,	 0.0 
22, 50,	  1,	 62.0 
22, 51,	  1,	 12.000000000000002 
22, 52,	  1,	 22.0 
22, 53,	  1,	 55.00000000000001 
22, 54,	  1,	 55.00000000000001 
22, 55,	  1,	 55.00000000000001 
22, 56,	  1,	 55.00000000000001 
22, 57,	  1,	 12.000000000000002 
22, 58,	  1,	 396.0 
22, 59,	  0,	 0.0 
22, 60,	  1,	 55.00000000000001 
22, 61,	  1,	 55.00000000000001 
22, 62,	  0,	 0.0 
22, 63,	  1,	 170.0 
22, 64,	  1,	 76.00000000000001 
22, 65,	  1,	 62.0 
22, 66,	  1,	 55.00000000000001 
22, 67,	  1,	 76.00000000000001 
22, 68,	  1,	 76.00000000000001 
22, 69,	  1,	 62.0 
22, 70,	  1,	 47.44999999999982 
22, 71,	  1,	 20.000000000000004 
22, 72,	  1,	 62.0 
23, 0,	  0,	 0.0 
23, 1,	  0,	 0.0 
23, 2,	  1,	 20.000000000000004 
23, 3,	  1,	 55.00000000000001 
23, 4,	  1,	 8.0 
23, 5,	  1,	 76.00000000000001 
23, 6,	  0,	 0.0 
23, 7,	  1,	 55.00000000000001 
23, 8,	  1,	 62.0 
23, 9,	  1,	 170.0 
23, 10,	  1,	 55.00000000000001 
23, 11,	  1,	 55.00000000000001 
23, 12,	  1,	 20.000000000000004 
23, 13,	  1,	 55.00000000000001 
23, 14,	  1,	 62.0 
23, 15,	  1,	 20.000000000000004 
23, 16,	  1,	 22.0 
23, 17,	  0,	 0.0 
23, 18,	  0,	 0.0 
23, 19,	  1,	 55.00000000000001 
23, 20,	  1,	 76.00000000000001 
23, 21,	  1,	 76.00000000000001 
23, 22,	  1,	 55.00000000000001 
23, 23,	  0,	 0.0 
23, 24,	  1,	 76.00000000000001 
23, 25,	  1,	 55.00000000000001 
23, 26,	  0,	 0.0 
23, 27,	  0,	 0.0 
23, 28,	  1,	 22.0 
23, 29,	  0,	 0.0 
23, 30,	  0,	 0.0 
23, 31,	  1,	 170.0 
23, 32,	  1,	 55.00000000000001 
23, 33,	  0,	 0.0 
23, 34,	  1,	 62.0 
23, 35,	  1,	 55.00000000000001 
23, 36,	  0,	 0.0 
23, 37,	  0,	 0.0 
23, 38,	  1,	 55.00000000000001 
23, 39,	  1,	 55.00000000000001 
23, 40,	  0,	 0.0 
23, 41,	  1,	 20.000000000000004 
23, 42,	  1,	 55.00000000000001 
23, 43,	  0,	 0.0 
23, 44,	  1,	 8.0 
23, 45,	  1,	 8.0 
23, 46,	  1,	 48.440000000000055 
23, 47,	  1,	 55.00000000000001 
23, 48,	  1,	 170.0 
23, 49,	  0,	 0.0 
23, 50,	  1,	 62.0 
23, 51,	  1,	 12.000000000000002 
23, 52,	  1,	 22.0 
23, 53,	  1,	 55.00000000000001 
23, 54,	  1,	 55.00000000000001 
23, 55,	  1,	 55.00000000000001 
23, 56,	  1,	 22.0 
23, 57,	  1,	 12.000000000000002 
23, 58,	  1,	 396.0 
23, 59,	  0,	 0.0 
23, 60,	  1,	 55.00000000000001 
23, 61,	  1,	 55.00000000000001 
23, 62,	  0,	 0.0 
23, 63,	  1,	 170.0 
23, 64,	  1,	 76.00000000000001 
23, 65,	  1,	 62.0 
23, 66,	  1,	 22.0 
23, 67,	  1,	 76.00000000000001 
23, 68,	  1,	 76.00000000000001 
23, 69,	  1,	 62.0 
23, 70,	  1,	 22.0 
23, 71,	  0,	 0.0 
23, 72,	  1,	 62.0 
24, 0,	  0,	 0.0 
24, 1,	  0,	 0.0 
24, 2,	  1,	 8.0 
24, 3,	  1,	 55.00000000000001 
24, 4,	  1,	 8.0 
24, 5,	  1,	 76.00000000000001 
24, 6,	  0,	 0.0 
24, 7,	  1,	 55.00000000000001 
24, 8,	  1,	 62.0 
24, 9,	  1,	 170.0 
24, 10,	  1,	 55.00000000000001 
24, 11,	  1,	 55.00000000000001 
24, 12,	  0,	 0.0 
24, 13,	  1,	 55.00000000000001 
24, 14,	  1,	 62.0 
24, 15,	  0,	 0.0 
24, 16,	  1,	 22.0 
24, 17,	  0,	 0.0 
24, 18,	  0,	 0.0 
24, 19,	  1,	 55.00000000000001 
24, 20,	  1,	 76.00000000000001 
24, 21,	  1,	 76.00000000000001 
24, 22,	  1,	 55.00000000000001 
24, 23,	  0,	 0.0 
24, 24,	  1,	 76.00000000000001 
24, 25,	  1,	 22.0 
24, 26,	  0,	 0.0 
24, 27,	  0,	 0.0 
24, 28,	  1,	 22.0 
24, 29,	  0,	 0.0 
24, 30,	  0,	 0.0 
24, 31,	  1,	 170.0 
24, 32,	  1,	 55.00000000000001 
24, 33,	  0,	 0.0 
24, 34,	  1,	 62.0 
24, 35,	  1,	 55.00000000000001 
24, 36,	  0,	 0.0 
24, 37,	  0,	 0.0 
24, 38,	  1,	 55.00000000000001 
24, 39,	  1,	 55.00000000000001 
24, 40,	  0,	 0.0 
24, 41,	  0,	 0.0 
24, 42,	  1,	 55.00000000000001 
24, 43,	  0,	 0.0 
24, 44,	  1,	 8.0 
24, 45,	  1,	 8.0 
24, 46,	  1,	 22.0 
24, 47,	  1,	 55.00000000000001 
24, 48,	  1,	 170.0 
24, 49,	  0,	 0.0 
24, 50,	  1,	 62.0 
24, 51,	  1,	 12.000000000000002 
24, 52,	  1,	 22.0 
24, 53,	  1,	 55.00000000000001 
24, 54,	  1,	 29.059999999999945 
24, 55,	  1,	 55.00000000000001 
24, 56,	  1,	 22.0 
24, 57,	  1,	 12.000000000000002 
24, 58,	  1,	 396.0 
24, 59,	  0,	 0.0 
24, 60,	  1,	 55.00000000000001 
24, 61,	  1,	 55.00000000000001 
24, 62,	  0,	 0.0 
24, 63,	  1,	 170.0 
24, 64,	  1,	 76.00000000000001 
24, 65,	  1,	 62.0 
24, 66,	  1,	 22.0 
24, 67,	  1,	 76.00000000000001 
24, 68,	  1,	 76.00000000000001 
24, 69,	  1,	 62.0 
24, 70,	  1,	 22.0 
24, 71,	  0,	 0.0 
24, 72,	  1,	 62.0 
25, 0,	  0,	 0.0 
25, 1,	  0,	 0.0 
25, 2,	  1,	 8.0 
25, 3,	  1,	 55.00000000000001 
25, 4,	  1,	 8.0 
25, 5,	  1,	 76.00000000000001 
25, 6,	  0,	 0.0 
25, 7,	  1,	 55.00000000000001 
25, 8,	  1,	 62.0 
25, 9,	  1,	 170.0 
25, 10,	  1,	 55.00000000000001 
25, 11,	  1,	 55.00000000000001 
25, 12,	  0,	 0.0 
25, 13,	  1,	 55.00000000000001 
25, 14,	  1,	 62.0 
25, 15,	  0,	 0.0 
25, 16,	  1,	 22.0 
25, 17,	  0,	 0.0 
25, 18,	  0,	 0.0 
25, 19,	  1,	 55.00000000000001 
25, 20,	  1,	 76.00000000000001 
25, 21,	  1,	 76.00000000000001 
25, 22,	  1,	 22.0 
25, 23,	  0,	 0.0 
25, 24,	  1,	 76.00000000000001 
25, 25,	  1,	 22.0 
25, 26,	  0,	 0.0 
25, 27,	  0,	 0.0 
25, 28,	  1,	 22.0 
25, 29,	  0,	 0.0 
25, 30,	  0,	 0.0 
25, 31,	  1,	 170.0 
25, 32,	  1,	 55.00000000000001 
25, 33,	  0,	 0.0 
25, 34,	  1,	 62.0 
25, 35,	  1,	 55.00000000000001 
25, 36,	  0,	 0.0 
25, 37,	  0,	 0.0 
25, 38,	  1,	 55.00000000000001 
25, 39,	  1,	 55.00000000000001 
25, 40,	  0,	 0.0 
25, 41,	  0,	 0.0 
25, 42,	  1,	 55.00000000000001 
25, 43,	  0,	 0.0 
25, 44,	  1,	 8.0 
25, 45,	  1,	 8.0 
25, 46,	  1,	 22.0 
25, 47,	  1,	 55.00000000000001 
25, 48,	  1,	 170.0 
25, 49,	  0,	 0.0 
25, 50,	  1,	 62.0 
25, 51,	  1,	 12.000000000000002 
25, 52,	  1,	 22.0 
25, 53,	  1,	 55.00000000000001 
25, 54,	  1,	 22.0 
25, 55,	  1,	 55.00000000000001 
25, 56,	  1,	 22.0 
25, 57,	  1,	 12.000000000000002 
25, 58,	  1,	 396.0 
25, 59,	  0,	 0.0 
25, 60,	  1,	 29.23999999999978 
25, 61,	  1,	 55.00000000000001 
25, 62,	  0,	 0.0 
25, 63,	  1,	 170.0 
25, 64,	  1,	 76.00000000000001 
25, 65,	  1,	 62.0 
25, 66,	  1,	 22.0 
25, 67,	  1,	 76.00000000000001 
25, 68,	  1,	 76.00000000000001 
25, 69,	  1,	 62.0 
25, 70,	  1,	 22.0 
25, 71,	  0,	 0.0 
25, 72,	  1,	 62.0 
26, 0,	  0,	 0.0 
26, 1,	  0,	 0.0 
26, 2,	  1,	 8.0 
26, 3,	  1,	 55.00000000000001 
26, 4,	  1,	 8.0 
26, 5,	  1,	 76.00000000000001 
26, 6,	  0,	 0.0 
26, 7,	  1,	 33.48000000000002 
26, 8,	  1,	 62.0 
26, 9,	  1,	 170.0 
26, 10,	  1,	 55.00000000000001 
26, 11,	  1,	 55.00000000000001 
26, 12,	  0,	 0.0 
26, 13,	  1,	 55.00000000000001 
26, 14,	  1,	 62.0 
26, 15,	  0,	 0.0 
26, 16,	  1,	 22.0 
26, 17,	  0,	 0.0 
26, 18,	  0,	 0.0 
26, 19,	  1,	 55.00000000000001 
26, 20,	  1,	 76.00000000000001 
26, 21,	  1,	 76.00000000000001 
26, 22,	  1,	 22.0 
26, 23,	  0,	 0.0 
26, 24,	  1,	 76.00000000000001 
26, 25,	  1,	 22.0 
26, 26,	  0,	 0.0 
26, 27,	  0,	 0.0 
26, 28,	  1,	 22.0 
26, 29,	  0,	 0.0 
26, 30,	  0,	 0.0 
26, 31,	  1,	 170.0 
26, 32,	  1,	 55.00000000000001 
26, 33,	  1,	 55.00000000000001 
26, 34,	  1,	 62.0 
26, 35,	  1,	 55.00000000000001 
26, 36,	  0,	 0.0 
26, 37,	  0,	 0.0 
26, 38,	  1,	 55.00000000000001 
26, 39,	  1,	 55.00000000000001 
26, 40,	  0,	 0.0 
26, 41,	  0,	 0.0 
26, 42,	  1,	 55.00000000000001 
26, 43,	  0,	 0.0 
26, 44,	  1,	 8.0 
26, 45,	  1,	 8.0 
26, 46,	  1,	 22.0 
26, 47,	  1,	 55.00000000000001 
26, 48,	  1,	 170.0 
26, 49,	  0,	 0.0 
26, 50,	  1,	 62.0 
26, 51,	  1,	 12.000000000000002 
26, 52,	  1,	 22.0 
26, 53,	  1,	 55.00000000000001 
26, 54,	  1,	 22.0 
26, 55,	  1,	 55.00000000000001 
26, 56,	  1,	 22.0 
26, 57,	  1,	 12.000000000000002 
26, 58,	  1,	 396.0 
26, 59,	  0,	 0.0 
26, 60,	  1,	 22.0 
26, 61,	  1,	 22.0 
26, 62,	  0,	 0.0 
26, 63,	  1,	 170.0 
26, 64,	  1,	 76.00000000000001 
26, 65,	  1,	 62.0 
26, 66,	  1,	 22.0 
26, 67,	  1,	 76.00000000000001 
26, 68,	  1,	 76.00000000000001 
26, 69,	  1,	 62.0 
26, 70,	  1,	 22.0 
26, 71,	  0,	 0.0 
26, 72,	  1,	 62.0 
27, 0,	  0,	 0.0 
27, 1,	  0,	 0.0 
27, 2,	  1,	 10.099999999999909 
27, 3,	  1,	 55.00000000000001 
27, 4,	  1,	 8.0 
27, 5,	  1,	 76.00000000000001 
27, 6,	  0,	 0.0 
27, 7,	  1,	 55.00000000000001 
27, 8,	  1,	 62.0 
27, 9,	  1,	 170.0 
27, 10,	  1,	 55.00000000000001 
27, 11,	  1,	 55.00000000000001 
27, 12,	  0,	 0.0 
27, 13,	  1,	 55.00000000000001 
27, 14,	  1,	 62.0 
27, 15,	  0,	 0.0 
27, 16,	  1,	 22.0 
27, 17,	  0,	 0.0 
27, 18,	  0,	 0.0 
27, 19,	  1,	 55.00000000000001 
27, 20,	  1,	 76.00000000000001 
27, 21,	  1,	 76.00000000000001 
27, 22,	  1,	 55.00000000000001 
27, 23,	  0,	 0.0 
27, 24,	  1,	 76.00000000000001 
27, 25,	  1,	 55.00000000000001 
27, 26,	  0,	 0.0 
27, 27,	  0,	 0.0 
27, 28,	  1,	 22.0 
27, 29,	  0,	 0.0 
27, 30,	  0,	 0.0 
27, 31,	  1,	 170.0 
27, 32,	  1,	 55.00000000000001 
27, 33,	  1,	 55.00000000000001 
27, 34,	  1,	 62.0 
27, 35,	  1,	 55.00000000000001 
27, 36,	  0,	 0.0 
27, 37,	  0,	 0.0 
27, 38,	  1,	 55.00000000000001 
27, 39,	  1,	 55.00000000000001 
27, 40,	  0,	 0.0 
27, 41,	  1,	 20.000000000000004 
27, 42,	  1,	 55.00000000000001 
27, 43,	  0,	 0.0 
27, 44,	  1,	 8.0 
27, 45,	  1,	 8.0 
27, 46,	  1,	 22.0 
27, 47,	  1,	 55.00000000000001 
27, 48,	  0,	 0.0 
27, 49,	  0,	 0.0 
27, 50,	  1,	 62.0 
27, 51,	  1,	 12.000000000000002 
27, 52,	  1,	 22.0 
27, 53,	  1,	 55.00000000000001 
27, 54,	  1,	 55.00000000000001 
27, 55,	  1,	 55.00000000000001 
27, 56,	  1,	 22.0 
27, 57,	  1,	 12.000000000000002 
27, 58,	  1,	 396.0 
27, 59,	  0,	 0.0 
27, 60,	  1,	 55.00000000000001 
27, 61,	  1,	 55.00000000000001 
27, 62,	  0,	 0.0 
27, 63,	  1,	 170.0 
27, 64,	  1,	 76.00000000000001 
27, 65,	  1,	 62.0 
27, 66,	  1,	 22.0 
27, 67,	  1,	 76.00000000000001 
27, 68,	  1,	 76.00000000000001 
27, 69,	  1,	 62.0 
27, 70,	  1,	 22.0 
27, 71,	  0,	 0.0 
27, 72,	  1,	 62.0 
28, 0,	  0,	 0.0 
28, 1,	  1,	 20.000000000000004 
28, 2,	  1,	 20.000000000000004 
28, 3,	  1,	 55.00000000000001 
28, 4,	  1,	 8.0 
28, 5,	  1,	 76.00000000000001 
28, 6,	  0,	 0.0 
28, 7,	  1,	 55.00000000000001 
28, 8,	  1,	 62.0 
28, 9,	  1,	 170.0 
28, 10,	  1,	 55.00000000000001 
28, 11,	  1,	 55.00000000000001 
28, 12,	  1,	 20.000000000000004 
28, 13,	  1,	 55.00000000000001 
28, 14,	  1,	 62.0 
28, 15,	  1,	 20.000000000000004 
28, 16,	  1,	 22.0 
28, 17,	  0,	 0.0 
28, 18,	  0,	 0.0 
28, 19,	  1,	 55.00000000000001 
28, 20,	  1,	 76.00000000000001 
28, 21,	  1,	 76.00000000000001 
28, 22,	  1,	 55.00000000000001 
28, 23,	  1,	 20.000000000000004 
28, 24,	  1,	 76.00000000000001 
28, 25,	  1,	 55.00000000000001 
28, 26,	  0,	 0.0 
28, 27,	  0,	 0.0 
28, 28,	  1,	 49.960000000000036 
28, 29,	  0,	 0.0 
28, 30,	  0,	 0.0 
28, 31,	  1,	 170.0 
28, 32,	  1,	 55.00000000000001 
28, 33,	  1,	 55.00000000000001 
28, 34,	  1,	 62.0 
28, 35,	  1,	 55.00000000000001 
28, 36,	  0,	 0.0 
28, 37,	  0,	 0.0 
28, 38,	  1,	 55.00000000000001 
28, 39,	  1,	 55.00000000000001 
28, 40,	  0,	 0.0 
28, 41,	  1,	 20.000000000000004 
28, 42,	  1,	 55.00000000000001 
28, 43,	  0,	 0.0 
28, 44,	  1,	 8.0 
28, 45,	  1,	 8.0 
28, 46,	  1,	 55.00000000000001 
28, 47,	  1,	 55.00000000000001 
28, 48,	  0,	 0.0 
28, 49,	  0,	 0.0 
28, 50,	  1,	 62.0 
28, 51,	  1,	 12.000000000000002 
28, 52,	  1,	 22.0 
28, 53,	  1,	 55.00000000000001 
28, 54,	  1,	 55.00000000000001 
28, 55,	  1,	 55.00000000000001 
28, 56,	  1,	 22.0 
28, 57,	  1,	 12.000000000000002 
28, 58,	  1,	 396.0 
28, 59,	  0,	 0.0 
28, 60,	  1,	 55.00000000000001 
28, 61,	  1,	 55.00000000000001 
28, 62,	  0,	 0.0 
28, 63,	  1,	 170.0 
28, 64,	  1,	 76.00000000000001 
28, 65,	  1,	 62.0 
28, 66,	  1,	 22.0 
28, 67,	  1,	 76.00000000000001 
28, 68,	  1,	 76.00000000000001 
28, 69,	  1,	 62.0 
28, 70,	  1,	 22.0 
28, 71,	  0,	 0.0 
28, 72,	  1,	 62.0 
29, 0,	  0,	 0.0 
29, 1,	  1,	 20.000000000000004 
29, 2,	  1,	 20.000000000000004 
29, 3,	  1,	 55.00000000000001 
29, 4,	  1,	 20.000000000000004 
29, 5,	  1,	 76.00000000000001 
29, 6,	  0,	 0.0 
29, 7,	  1,	 55.00000000000001 
29, 8,	  1,	 62.0 
29, 9,	  1,	 170.0 
29, 10,	  1,	 55.00000000000001 
29, 11,	  1,	 55.00000000000001 
29, 12,	  1,	 20.000000000000004 
29, 13,	  1,	 55.00000000000001 
29, 14,	  1,	 62.0 
29, 15,	  1,	 20.000000000000004 
29, 16,	  1,	 55.00000000000001 
29, 17,	  0,	 0.0 
29, 18,	  0,	 0.0 
29, 19,	  1,	 55.00000000000001 
29, 20,	  1,	 76.00000000000001 
29, 21,	  1,	 76.00000000000001 
29, 22,	  1,	 55.00000000000001 
29, 23,	  1,	 20.000000000000004 
29, 24,	  1,	 76.00000000000001 
29, 25,	  1,	 55.00000000000001 
29, 26,	  0,	 0.0 
29, 27,	  0,	 0.0 
29, 28,	  1,	 55.00000000000001 
29, 29,	  0,	 0.0 
29, 30,	  0,	 0.0 
29, 31,	  1,	 170.0 
29, 32,	  1,	 55.00000000000001 
29, 33,	  1,	 55.00000000000001 
29, 34,	  1,	 62.0 
29, 35,	  1,	 55.00000000000001 
29, 36,	  0,	 0.0 
29, 37,	  0,	 0.0 
29, 38,	  1,	 55.00000000000001 
29, 39,	  1,	 55.00000000000001 
29, 40,	  0,	 0.0 
29, 41,	  1,	 20.000000000000004 
29, 42,	  1,	 55.00000000000001 
29, 43,	  0,	 0.0 
29, 44,	  1,	 20.000000000000004 
29, 45,	  1,	 20.000000000000004 
29, 46,	  1,	 55.00000000000001 
29, 47,	  1,	 55.00000000000001 
29, 48,	  0,	 0.0 
29, 49,	  0,	 0.0 
29, 50,	  1,	 62.0 
29, 51,	  1,	 12.000000000000002 
29, 52,	  1,	 55.00000000000001 
29, 53,	  1,	 55.00000000000001 
29, 54,	  1,	 55.00000000000001 
29, 55,	  1,	 55.00000000000001 
29, 56,	  1,	 55.00000000000001 
29, 57,	  1,	 12.000000000000002 
29, 58,	  1,	 400.0000000000001 
29, 59,	  0,	 0.0 
29, 60,	  1,	 55.00000000000001 
29, 61,	  1,	 55.00000000000001 
29, 62,	  0,	 0.0 
29, 63,	  1,	 170.0 
29, 64,	  1,	 76.00000000000001 
29, 65,	  1,	 130.88 
29, 66,	  1,	 55.00000000000001 
29, 67,	  1,	 76.00000000000001 
29, 68,	  1,	 76.00000000000001 
29, 69,	  1,	 62.0 
29, 70,	  1,	 55.00000000000001 
29, 71,	  1,	 20.000000000000004 
29, 72,	  1,	 62.0 
30, 0,	  0,	 0.0 
30, 1,	  1,	 20.000000000000004 
30, 2,	  1,	 20.000000000000004 
30, 3,	  1,	 55.00000000000001 
30, 4,	  1,	 20.000000000000004 
30, 5,	  1,	 76.00000000000001 
30, 6,	  0,	 0.0 
30, 7,	  1,	 55.00000000000001 
30, 8,	  1,	 62.0 
30, 9,	  1,	 170.0 
30, 10,	  1,	 55.00000000000001 
30, 11,	  1,	 55.00000000000001 
30, 12,	  1,	 20.000000000000004 
30, 13,	  1,	 55.00000000000001 
30, 14,	  1,	 62.0 
30, 15,	  1,	 20.000000000000004 
30, 16,	  1,	 55.00000000000001 
30, 17,	  0,	 0.0 
30, 18,	  0,	 0.0 
30, 19,	  1,	 55.00000000000001 
30, 20,	  1,	 76.00000000000001 
30, 21,	  1,	 76.00000000000001 
30, 22,	  1,	 55.00000000000001 
30, 23,	  1,	 20.000000000000004 
30, 24,	  1,	 76.00000000000001 
30, 25,	  1,	 55.00000000000001 
30, 26,	  0,	 0.0 
30, 27,	  0,	 0.0 
30, 28,	  1,	 55.00000000000001 
30, 29,	  0,	 0.0 
30, 30,	  0,	 0.0 
30, 31,	  1,	 170.0 
30, 32,	  1,	 55.00000000000001 
30, 33,	  1,	 55.00000000000001 
30, 34,	  1,	 136.94000000000005 
30, 35,	  1,	 55.00000000000001 
30, 36,	  0,	 0.0 
30, 37,	  0,	 0.0 
30, 38,	  1,	 55.00000000000001 
30, 39,	  1,	 55.00000000000001 
30, 40,	  0,	 0.0 
30, 41,	  1,	 20.000000000000004 
30, 42,	  1,	 55.00000000000001 
30, 43,	  0,	 0.0 
30, 44,	  1,	 20.000000000000004 
30, 45,	  1,	 20.000000000000004 
30, 46,	  1,	 55.00000000000001 
30, 47,	  1,	 55.00000000000001 
30, 48,	  0,	 0.0 
30, 49,	  0,	 0.0 
30, 50,	  1,	 155.00000000000003 
30, 51,	  1,	 12.000000000000002 
30, 52,	  1,	 55.00000000000001 
30, 53,	  1,	 55.00000000000001 
30, 54,	  1,	 55.00000000000001 
30, 55,	  1,	 55.00000000000001 
30, 56,	  1,	 55.00000000000001 
30, 57,	  1,	 12.000000000000002 
30, 58,	  1,	 400.0000000000001 
30, 59,	  0,	 0.0 
30, 60,	  1,	 55.00000000000001 
30, 61,	  1,	 55.00000000000001 
30, 62,	  0,	 0.0 
30, 63,	  1,	 170.0 
30, 64,	  1,	 76.00000000000001 
30, 65,	  1,	 155.00000000000003 
30, 66,	  1,	 55.00000000000001 
30, 67,	  1,	 76.00000000000001 
30, 68,	  1,	 76.00000000000001 
30, 69,	  1,	 62.0 
30, 70,	  1,	 55.00000000000001 
30, 71,	  1,	 20.000000000000004 
30, 72,	  1,	 155.00000000000003 
31, 0,	  0,	 0.0 
31, 1,	  1,	 20.000000000000004 
31, 2,	  1,	 20.000000000000004 
31, 3,	  1,	 55.00000000000001 
31, 4,	  1,	 20.000000000000004 
31, 5,	  1,	 76.00000000000001 
31, 6,	  0,	 0.0 
31, 7,	  1,	 55.00000000000001 
31, 8,	  1,	 62.0 
31, 9,	  1,	 170.0 
31, 10,	  1,	 55.00000000000001 
31, 11,	  1,	 55.00000000000001 
31, 12,	  1,	 20.000000000000004 
31, 13,	  1,	 55.00000000000001 
31, 14,	  1,	 62.0 
31, 15,	  1,	 20.000000000000004 
31, 16,	  1,	 55.00000000000001 
31, 17,	  0,	 0.0 
31, 18,	  1,	 12.000000000000002 
31, 19,	  1,	 55.00000000000001 
31, 20,	  1,	 76.00000000000001 
31, 21,	  1,	 76.00000000000001 
31, 22,	  1,	 55.00000000000001 
31, 23,	  1,	 20.000000000000004 
31, 24,	  1,	 76.00000000000001 
31, 25,	  1,	 55.00000000000001 
31, 26,	  0,	 0.0 
31, 27,	  0,	 0.0 
31, 28,	  1,	 55.00000000000001 
31, 29,	  0,	 0.0 
31, 30,	  0,	 0.0 
31, 31,	  1,	 170.0 
31, 32,	  1,	 55.00000000000001 
31, 33,	  1,	 55.00000000000001 
31, 34,	  1,	 96.57999999999993 
31, 35,	  1,	 55.00000000000001 
31, 36,	  0,	 0.0 
31, 37,	  0,	 0.0 
31, 38,	  1,	 55.00000000000001 
31, 39,	  1,	 55.00000000000001 
31, 40,	  0,	 0.0 
31, 41,	  1,	 20.000000000000004 
31, 42,	  1,	 55.00000000000001 
31, 43,	  0,	 0.0 
31, 44,	  1,	 20.000000000000004 
31, 45,	  1,	 20.000000000000004 
31, 46,	  1,	 55.00000000000001 
31, 47,	  1,	 55.00000000000001 
31, 48,	  0,	 0.0 
31, 49,	  0,	 0.0 
31, 50,	  1,	 155.00000000000003 
31, 51,	  1,	 12.000000000000002 
31, 52,	  1,	 55.00000000000001 
31, 53,	  1,	 55.00000000000001 
31, 54,	  1,	 55.00000000000001 
31, 55,	  1,	 55.00000000000001 
31, 56,	  1,	 55.00000000000001 
31, 57,	  1,	 12.000000000000002 
31, 58,	  1,	 400.0000000000001 
31, 59,	  0,	 0.0 
31, 60,	  1,	 55.00000000000001 
31, 61,	  1,	 55.00000000000001 
31, 62,	  0,	 0.0 
31, 63,	  1,	 170.0 
31, 64,	  1,	 76.00000000000001 
31, 65,	  1,	 155.00000000000003 
31, 66,	  1,	 55.00000000000001 
31, 67,	  1,	 76.00000000000001 
31, 68,	  1,	 76.00000000000001 
31, 69,	  1,	 62.0 
31, 70,	  1,	 55.00000000000001 
31, 71,	  1,	 20.000000000000004 
31, 72,	  1,	 155.00000000000003 
32, 0,	  0,	 0.0 
32, 1,	  1,	 20.000000000000004 
32, 2,	  1,	 20.000000000000004 
32, 3,	  1,	 55.00000000000001 
32, 4,	  1,	 20.000000000000004 
32, 5,	  1,	 76.00000000000001 
32, 6,	  0,	 0.0 
32, 7,	  1,	 55.00000000000001 
32, 8,	  1,	 62.0 
32, 9,	  1,	 170.0 
32, 10,	  1,	 55.00000000000001 
32, 11,	  1,	 55.00000000000001 
32, 12,	  1,	 20.000000000000004 
32, 13,	  1,	 55.00000000000001 
32, 14,	  1,	 62.0 
32, 15,	  1,	 20.000000000000004 
32, 16,	  1,	 55.00000000000001 
32, 17,	  0,	 0.0 
32, 18,	  1,	 12.000000000000002 
32, 19,	  1,	 55.00000000000001 
32, 20,	  1,	 76.00000000000001 
32, 21,	  1,	 76.00000000000001 
32, 22,	  1,	 55.00000000000001 
32, 23,	  1,	 20.000000000000004 
32, 24,	  1,	 76.00000000000001 
32, 25,	  1,	 55.00000000000001 
32, 26,	  0,	 0.0 
32, 27,	  0,	 0.0 
32, 28,	  1,	 55.00000000000001 
32, 29,	  0,	 0.0 
32, 30,	  0,	 0.0 
32, 31,	  1,	 170.0 
32, 32,	  1,	 55.00000000000001 
32, 33,	  1,	 55.00000000000001 
32, 34,	  1,	 87.01000000000022 
32, 35,	  1,	 55.00000000000001 
32, 36,	  0,	 0.0 
32, 37,	  0,	 0.0 
32, 38,	  1,	 55.00000000000001 
32, 39,	  1,	 55.00000000000001 
32, 40,	  0,	 0.0 
32, 41,	  1,	 20.000000000000004 
32, 42,	  1,	 55.00000000000001 
32, 43,	  0,	 0.0 
32, 44,	  1,	 20.000000000000004 
32, 45,	  1,	 20.000000000000004 
32, 46,	  1,	 55.00000000000001 
32, 47,	  1,	 55.00000000000001 
32, 48,	  0,	 0.0 
32, 49,	  0,	 0.0 
32, 50,	  1,	 155.00000000000003 
32, 51,	  1,	 12.000000000000002 
32, 52,	  1,	 55.00000000000001 
32, 53,	  1,	 55.00000000000001 
32, 54,	  1,	 55.00000000000001 
32, 55,	  1,	 55.00000000000001 
32, 56,	  1,	 55.00000000000001 
32, 57,	  1,	 12.000000000000002 
32, 58,	  1,	 400.0000000000001 
32, 59,	  0,	 0.0 
32, 60,	  1,	 55.00000000000001 
32, 61,	  1,	 55.00000000000001 
32, 62,	  0,	 0.0 
32, 63,	  1,	 170.0 
32, 64,	  1,	 76.00000000000001 
32, 65,	  1,	 155.00000000000003 
32, 66,	  1,	 55.00000000000001 
32, 67,	  1,	 76.00000000000001 
32, 68,	  1,	 76.00000000000001 
32, 69,	  1,	 62.0 
32, 70,	  1,	 55.00000000000001 
32, 71,	  1,	 20.000000000000004 
32, 72,	  1,	 155.00000000000003 
33, 0,	  0,	 0.0 
33, 1,	  1,	 20.000000000000004 
33, 2,	  1,	 20.000000000000004 
33, 3,	  1,	 55.00000000000001 
33, 4,	  1,	 20.000000000000004 
33, 5,	  1,	 76.00000000000001 
33, 6,	  0,	 0.0 
33, 7,	  1,	 55.00000000000001 
33, 8,	  1,	 62.0 
33, 9,	  1,	 170.0 
33, 10,	  1,	 55.00000000000001 
33, 11,	  1,	 55.00000000000001 
33, 12,	  1,	 20.000000000000004 
33, 13,	  1,	 55.00000000000001 
33, 14,	  1,	 62.0 
33, 15,	  1,	 20.000000000000004 
33, 16,	  1,	 55.00000000000001 
33, 17,	  0,	 0.0 
33, 18,	  1,	 12.000000000000002 
33, 19,	  1,	 55.00000000000001 
33, 20,	  1,	 76.00000000000001 
33, 21,	  1,	 76.00000000000001 
33, 22,	  1,	 55.00000000000001 
33, 23,	  1,	 20.000000000000004 
33, 24,	  1,	 76.00000000000001 
33, 25,	  1,	 55.00000000000001 
33, 26,	  0,	 0.0 
33, 27,	  0,	 0.0 
33, 28,	  1,	 55.00000000000001 
33, 29,	  0,	 0.0 
33, 30,	  0,	 0.0 
33, 31,	  1,	 170.0 
33, 32,	  1,	 55.00000000000001 
33, 33,	  1,	 55.00000000000001 
33, 34,	  1,	 115.76999999999998 
33, 35,	  1,	 55.00000000000001 
33, 36,	  0,	 0.0 
33, 37,	  0,	 0.0 
33, 38,	  1,	 55.00000000000001 
33, 39,	  1,	 55.00000000000001 
33, 40,	  0,	 0.0 
33, 41,	  1,	 20.000000000000004 
33, 42,	  1,	 55.00000000000001 
33, 43,	  0,	 0.0 
33, 44,	  1,	 20.000000000000004 
33, 45,	  1,	 20.000000000000004 
33, 46,	  1,	 55.00000000000001 
33, 47,	  1,	 55.00000000000001 
33, 48,	  0,	 0.0 
33, 49,	  0,	 0.0 
33, 50,	  1,	 155.00000000000003 
33, 51,	  1,	 12.000000000000002 
33, 52,	  1,	 55.00000000000001 
33, 53,	  1,	 55.00000000000001 
33, 54,	  1,	 55.00000000000001 
33, 55,	  1,	 55.00000000000001 
33, 56,	  1,	 55.00000000000001 
33, 57,	  1,	 12.000000000000002 
33, 58,	  1,	 400.0000000000001 
33, 59,	  0,	 0.0 
33, 60,	  1,	 55.00000000000001 
33, 61,	  1,	 55.00000000000001 
33, 62,	  0,	 0.0 
33, 63,	  1,	 170.0 
33, 64,	  1,	 76.00000000000001 
33, 65,	  1,	 155.00000000000003 
33, 66,	  1,	 55.00000000000001 
33, 67,	  1,	 76.00000000000001 
33, 68,	  1,	 76.00000000000001 
33, 69,	  1,	 62.0 
33, 70,	  1,	 55.00000000000001 
33, 71,	  1,	 20.000000000000004 
33, 72,	  1,	 155.00000000000003 
34, 0,	  0,	 0.0 
34, 1,	  1,	 20.000000000000004 
34, 2,	  1,	 20.000000000000004 
34, 3,	  1,	 55.00000000000001 
34, 4,	  1,	 20.000000000000004 
34, 5,	  1,	 76.00000000000001 
34, 6,	  0,	 0.0 
34, 7,	  1,	 55.00000000000001 
34, 8,	  1,	 62.0 
34, 9,	  1,	 170.0 
34, 10,	  1,	 55.00000000000001 
34, 11,	  1,	 55.00000000000001 
34, 12,	  1,	 20.000000000000004 
34, 13,	  1,	 55.00000000000001 
34, 14,	  1,	 62.0 
34, 15,	  1,	 20.000000000000004 
34, 16,	  1,	 55.00000000000001 
34, 17,	  0,	 0.0 
34, 18,	  1,	 12.000000000000002 
34, 19,	  1,	 55.00000000000001 
34, 20,	  1,	 76.00000000000001 
34, 21,	  1,	 76.00000000000001 
34, 22,	  1,	 55.00000000000001 
34, 23,	  1,	 20.000000000000004 
34, 24,	  1,	 76.00000000000001 
34, 25,	  1,	 55.00000000000001 
34, 26,	  0,	 0.0 
34, 27,	  0,	 0.0 
34, 28,	  1,	 55.00000000000001 
34, 29,	  0,	 0.0 
34, 30,	  0,	 0.0 
34, 31,	  1,	 170.0 
34, 32,	  1,	 55.00000000000001 
34, 33,	  1,	 55.00000000000001 
34, 34,	  1,	 62.0 
34, 35,	  1,	 55.00000000000001 
34, 36,	  0,	 0.0 
34, 37,	  0,	 0.0 
34, 38,	  1,	 55.00000000000001 
34, 39,	  1,	 55.00000000000001 
34, 40,	  0,	 0.0 
34, 41,	  1,	 20.000000000000004 
34, 42,	  1,	 55.00000000000001 
34, 43,	  1,	 170.0 
34, 44,	  1,	 20.000000000000004 
34, 45,	  1,	 20.000000000000004 
34, 46,	  1,	 55.00000000000001 
34, 47,	  1,	 55.00000000000001 
34, 48,	  0,	 0.0 
34, 49,	  0,	 0.0 
34, 50,	  1,	 62.0 
34, 51,	  1,	 12.000000000000002 
34, 52,	  1,	 55.00000000000001 
34, 53,	  1,	 55.00000000000001 
34, 54,	  1,	 55.00000000000001 
34, 55,	  1,	 55.00000000000001 
34, 56,	  1,	 55.00000000000001 
34, 57,	  1,	 12.000000000000002 
34, 58,	  1,	 400.0000000000001 
34, 59,	  0,	 0.0 
34, 60,	  1,	 55.00000000000001 
34, 61,	  1,	 55.00000000000001 
34, 62,	  0,	 0.0 
34, 63,	  1,	 170.0 
34, 64,	  1,	 76.00000000000001 
34, 65,	  1,	 148.26999999999998 
34, 66,	  1,	 55.00000000000001 
34, 67,	  1,	 76.00000000000001 
34, 68,	  1,	 76.00000000000001 
34, 69,	  1,	 62.0 
34, 70,	  1,	 55.00000000000001 
34, 71,	  1,	 20.000000000000004 
34, 72,	  1,	 155.00000000000003 
35, 0,	  0,	 0.0 
35, 1,	  1,	 20.000000000000004 
35, 2,	  1,	 20.000000000000004 
35, 3,	  1,	 55.00000000000001 
35, 4,	  1,	 20.000000000000004 
35, 5,	  1,	 76.00000000000001 
35, 6,	  0,	 0.0 
35, 7,	  1,	 55.00000000000001 
35, 8,	  1,	 62.0 
35, 9,	  1,	 170.0 
35, 10,	  1,	 55.00000000000001 
35, 11,	  1,	 55.00000000000001 
35, 12,	  1,	 20.000000000000004 
35, 13,	  1,	 55.00000000000001 
35, 14,	  1,	 62.0 
35, 15,	  1,	 20.000000000000004 
35, 16,	  1,	 55.00000000000001 
35, 17,	  0,	 0.0 
35, 18,	  1,	 12.000000000000002 
35, 19,	  1,	 55.00000000000001 
35, 20,	  1,	 76.00000000000001 
35, 21,	  1,	 76.00000000000001 
35, 22,	  1,	 55.00000000000001 
35, 23,	  1,	 20.000000000000004 
35, 24,	  1,	 76.00000000000001 
35, 25,	  1,	 55.00000000000001 
35, 26,	  0,	 0.0 
35, 27,	  0,	 0.0 
35, 28,	  1,	 55.00000000000001 
35, 29,	  0,	 0.0 
35, 30,	  0,	 0.0 
35, 31,	  1,	 170.0 
35, 32,	  1,	 55.00000000000001 
35, 33,	  1,	 55.00000000000001 
35, 34,	  1,	 62.0 
35, 35,	  1,	 55.00000000000001 
35, 36,	  0,	 0.0 
35, 37,	  0,	 0.0 
35, 38,	  1,	 55.00000000000001 
35, 39,	  1,	 55.00000000000001 
35, 40,	  0,	 0.0 
35, 41,	  1,	 20.000000000000004 
35, 42,	  1,	 55.00000000000001 
35, 43,	  1,	 170.0 
35, 44,	  1,	 20.000000000000004 
35, 45,	  1,	 20.000000000000004 
35, 46,	  1,	 55.00000000000001 
35, 47,	  1,	 55.00000000000001 
35, 48,	  0,	 0.0 
35, 49,	  0,	 0.0 
35, 50,	  1,	 62.0 
35, 51,	  1,	 12.000000000000002 
35, 52,	  1,	 55.00000000000001 
35, 53,	  1,	 55.00000000000001 
35, 54,	  1,	 55.00000000000001 
35, 55,	  1,	 55.00000000000001 
35, 56,	  1,	 55.00000000000001 
35, 57,	  1,	 12.000000000000002 
35, 58,	  1,	 400.0000000000001 
35, 59,	  0,	 0.0 
35, 60,	  1,	 55.00000000000001 
35, 61,	  1,	 55.00000000000001 
35, 62,	  0,	 0.0 
35, 63,	  1,	 170.0 
35, 64,	  1,	 76.00000000000001 
35, 65,	  1,	 132.94999999999982 
35, 66,	  1,	 55.00000000000001 
35, 67,	  1,	 76.00000000000001 
35, 68,	  1,	 76.00000000000001 
35, 69,	  1,	 62.0 
35, 70,	  1,	 55.00000000000001 
35, 71,	  1,	 20.000000000000004 
35, 72,	  1,	 155.00000000000003 
36, 0,	  0,	 0.0 
36, 1,	  1,	 20.000000000000004 
36, 2,	  1,	 20.000000000000004 
36, 3,	  1,	 55.00000000000001 
36, 4,	  1,	 20.000000000000004 
36, 5,	  1,	 76.00000000000001 
36, 6,	  0,	 0.0 
36, 7,	  1,	 55.00000000000001 
36, 8,	  1,	 62.0 
36, 9,	  1,	 170.0 
36, 10,	  1,	 55.00000000000001 
36, 11,	  1,	 55.00000000000001 
36, 12,	  1,	 20.000000000000004 
36, 13,	  1,	 55.00000000000001 
36, 14,	  1,	 62.0 
36, 15,	  1,	 20.000000000000004 
36, 16,	  1,	 55.00000000000001 
36, 17,	  0,	 0.0 
36, 18,	  1,	 12.000000000000002 
36, 19,	  1,	 55.00000000000001 
36, 20,	  1,	 76.00000000000001 
36, 21,	  1,	 76.00000000000001 
36, 22,	  1,	 55.00000000000001 
36, 23,	  1,	 20.000000000000004 
36, 24,	  1,	 76.00000000000001 
36, 25,	  1,	 55.00000000000001 
36, 26,	  0,	 0.0 
36, 27,	  0,	 0.0 
36, 28,	  1,	 55.00000000000001 
36, 29,	  0,	 0.0 
36, 30,	  0,	 0.0 
36, 31,	  1,	 170.0 
36, 32,	  1,	 55.00000000000001 
36, 33,	  1,	 55.00000000000001 
36, 34,	  1,	 62.0 
36, 35,	  1,	 55.00000000000001 
36, 36,	  0,	 0.0 
36, 37,	  0,	 0.0 
36, 38,	  1,	 55.00000000000001 
36, 39,	  1,	 55.00000000000001 
36, 40,	  0,	 0.0 
36, 41,	  1,	 20.000000000000004 
36, 42,	  1,	 55.00000000000001 
36, 43,	  1,	 170.0 
36, 44,	  1,	 20.000000000000004 
36, 45,	  1,	 20.000000000000004 
36, 46,	  1,	 55.00000000000001 
36, 47,	  1,	 55.00000000000001 
36, 48,	  0,	 0.0 
36, 49,	  0,	 0.0 
36, 50,	  1,	 62.0 
36, 51,	  1,	 12.000000000000002 
36, 52,	  1,	 55.00000000000001 
36, 53,	  1,	 55.00000000000001 
36, 54,	  1,	 55.00000000000001 
36, 55,	  1,	 55.00000000000001 
36, 56,	  1,	 55.00000000000001 
36, 57,	  1,	 12.000000000000002 
36, 58,	  1,	 400.0000000000001 
36, 59,	  0,	 0.0 
36, 60,	  1,	 55.00000000000001 
36, 61,	  1,	 55.00000000000001 
36, 62,	  0,	 0.0 
36, 63,	  1,	 170.0 
36, 64,	  1,	 76.00000000000001 
36, 65,	  1,	 110.7800000000002 
36, 66,	  1,	 55.00000000000001 
36, 67,	  1,	 76.00000000000001 
36, 68,	  1,	 76.00000000000001 
36, 69,	  1,	 62.0 
36, 70,	  1,	 55.00000000000001 
36, 71,	  1,	 20.000000000000004 
36, 72,	  1,	 155.00000000000003 
37, 0,	  0,	 0.0 
37, 1,	  1,	 20.000000000000004 
37, 2,	  1,	 20.000000000000004 
37, 3,	  1,	 55.00000000000001 
37, 4,	  1,	 20.000000000000004 
37, 5,	  1,	 76.00000000000001 
37, 6,	  1,	 20.000000000000004 
37, 7,	  1,	 55.00000000000001 
37, 8,	  1,	 62.0 
37, 9,	  1,	 170.0 
37, 10,	  1,	 55.00000000000001 
37, 11,	  1,	 55.00000000000001 
37, 12,	  1,	 20.000000000000004 
37, 13,	  1,	 55.00000000000001 
37, 14,	  1,	 62.0 
37, 15,	  1,	 20.000000000000004 
37, 16,	  1,	 55.00000000000001 
37, 17,	  0,	 0.0 
37, 18,	  1,	 12.000000000000002 
37, 19,	  1,	 55.00000000000001 
37, 20,	  1,	 76.00000000000001 
37, 21,	  1,	 76.00000000000001 
37, 22,	  1,	 55.00000000000001 
37, 23,	  1,	 20.000000000000004 
37, 24,	  1,	 76.00000000000001 
37, 25,	  1,	 55.00000000000001 
37, 26,	  0,	 0.0 
37, 27,	  0,	 0.0 
37, 28,	  1,	 55.00000000000001 
37, 29,	  0,	 0.0 
37, 30,	  0,	 0.0 
37, 31,	  1,	 170.0 
37, 32,	  1,	 55.00000000000001 
37, 33,	  1,	 55.00000000000001 
37, 34,	  1,	 62.0 
37, 35,	  1,	 55.00000000000001 
37, 36,	  0,	 0.0 
37, 37,	  0,	 0.0 
37, 38,	  1,	 55.00000000000001 
37, 39,	  1,	 55.00000000000001 
37, 40,	  0,	 0.0 
37, 41,	  1,	 20.000000000000004 
37, 42,	  1,	 55.00000000000001 
37, 43,	  1,	 170.0 
37, 44,	  1,	 20.000000000000004 
37, 45,	  1,	 20.000000000000004 
37, 46,	  1,	 55.00000000000001 
37, 47,	  1,	 55.00000000000001 
37, 48,	  0,	 0.0 
37, 49,	  0,	 0.0 
37, 50,	  1,	 62.0 
37, 51,	  1,	 12.000000000000002 
37, 52,	  1,	 55.00000000000001 
37, 53,	  1,	 55.00000000000001 
37, 54,	  1,	 55.00000000000001 
37, 55,	  1,	 55.00000000000001 
37, 56,	  1,	 55.00000000000001 
37, 57,	  1,	 12.000000000000002 
37, 58,	  1,	 400.0000000000001 
37, 59,	  0,	 0.0 
37, 60,	  1,	 55.00000000000001 
37, 61,	  1,	 55.00000000000001 
37, 62,	  0,	 0.0 
37, 63,	  1,	 170.0 
37, 64,	  1,	 76.00000000000001 
37, 65,	  1,	 151.46000000000004 
37, 66,	  1,	 55.00000000000001 
37, 67,	  1,	 76.00000000000001 
37, 68,	  1,	 76.00000000000001 
37, 69,	  1,	 62.0 
37, 70,	  1,	 55.00000000000001 
37, 71,	  1,	 20.000000000000004 
37, 72,	  1,	 62.0 
38, 0,	  0,	 0.0 
38, 1,	  1,	 20.000000000000004 
38, 2,	  1,	 20.000000000000004 
38, 3,	  1,	 55.00000000000001 
38, 4,	  1,	 20.000000000000004 
38, 5,	  1,	 76.00000000000001 
38, 6,	  1,	 20.000000000000004 
38, 7,	  1,	 55.00000000000001 
38, 8,	  1,	 62.0 
38, 9,	  1,	 170.0 
38, 10,	  1,	 55.00000000000001 
38, 11,	  1,	 55.00000000000001 
38, 12,	  1,	 20.000000000000004 
38, 13,	  1,	 55.00000000000001 
38, 14,	  1,	 62.0 
38, 15,	  1,	 20.000000000000004 
38, 16,	  1,	 55.00000000000001 
38, 17,	  0,	 0.0 
38, 18,	  1,	 12.000000000000002 
38, 19,	  1,	 55.00000000000001 
38, 20,	  1,	 76.00000000000001 
38, 21,	  1,	 76.00000000000001 
38, 22,	  1,	 55.00000000000001 
38, 23,	  1,	 20.000000000000004 
38, 24,	  1,	 76.00000000000001 
38, 25,	  1,	 55.00000000000001 
38, 26,	  0,	 0.0 
38, 27,	  0,	 0.0 
38, 28,	  1,	 55.00000000000001 
38, 29,	  0,	 0.0 
38, 30,	  0,	 0.0 
38, 31,	  1,	 170.0 
38, 32,	  0,	 0.0 
38, 33,	  1,	 55.00000000000001 
38, 34,	  1,	 62.0 
38, 35,	  1,	 55.00000000000001 
38, 36,	  0,	 0.0 
38, 37,	  0,	 0.0 
38, 38,	  1,	 55.00000000000001 
38, 39,	  1,	 55.00000000000001 
38, 40,	  0,	 0.0 
38, 41,	  1,	 20.000000000000004 
38, 42,	  1,	 55.00000000000001 
38, 43,	  1,	 170.0 
38, 44,	  1,	 20.000000000000004 
38, 45,	  1,	 20.000000000000004 
38, 46,	  1,	 55.00000000000001 
38, 47,	  1,	 55.00000000000001 
38, 48,	  0,	 0.0 
38, 49,	  0,	 0.0 
38, 50,	  1,	 62.0 
38, 51,	  1,	 12.000000000000002 
38, 52,	  1,	 55.00000000000001 
38, 53,	  1,	 55.00000000000001 
38, 54,	  1,	 55.00000000000001 
38, 55,	  1,	 55.00000000000001 
38, 56,	  1,	 55.00000000000001 
38, 57,	  1,	 12.000000000000002 
38, 58,	  1,	 400.0000000000001 
38, 59,	  0,	 0.0 
38, 60,	  1,	 55.00000000000001 
38, 61,	  1,	 55.00000000000001 
38, 62,	  0,	 0.0 
38, 63,	  1,	 170.0 
38, 64,	  1,	 76.00000000000001 
38, 65,	  1,	 146.2199999999998 
38, 66,	  1,	 55.00000000000001 
38, 67,	  1,	 76.00000000000001 
38, 68,	  1,	 76.00000000000001 
38, 69,	  1,	 62.0 
38, 70,	  1,	 55.00000000000001 
38, 71,	  1,	 20.000000000000004 
38, 72,	  1,	 62.0 
39, 0,	  0,	 0.0 
39, 1,	  1,	 20.000000000000004 
39, 2,	  1,	 20.000000000000004 
39, 3,	  1,	 55.00000000000001 
39, 4,	  1,	 20.000000000000004 
39, 5,	  1,	 76.00000000000001 
39, 6,	  1,	 20.000000000000004 
39, 7,	  1,	 55.00000000000001 
39, 8,	  1,	 62.0 
39, 9,	  1,	 170.0 
39, 10,	  1,	 55.00000000000001 
39, 11,	  1,	 55.00000000000001 
39, 12,	  1,	 20.000000000000004 
39, 13,	  1,	 55.00000000000001 
39, 14,	  1,	 62.0 
39, 15,	  1,	 20.000000000000004 
39, 16,	  1,	 55.00000000000001 
39, 17,	  0,	 0.0 
39, 18,	  1,	 12.000000000000002 
39, 19,	  1,	 55.00000000000001 
39, 20,	  1,	 76.00000000000001 
39, 21,	  1,	 76.00000000000001 
39, 22,	  1,	 55.00000000000001 
39, 23,	  1,	 20.000000000000004 
39, 24,	  1,	 76.00000000000001 
39, 25,	  1,	 55.00000000000001 
39, 26,	  0,	 0.0 
39, 27,	  0,	 0.0 
39, 28,	  1,	 55.00000000000001 
39, 29,	  0,	 0.0 
39, 30,	  0,	 0.0 
39, 31,	  1,	 170.0 
39, 32,	  0,	 0.0 
39, 33,	  1,	 55.00000000000001 
39, 34,	  1,	 62.0 
39, 35,	  1,	 55.00000000000001 
39, 36,	  0,	 0.0 
39, 37,	  0,	 0.0 
39, 38,	  1,	 55.00000000000001 
39, 39,	  1,	 55.00000000000001 
39, 40,	  0,	 0.0 
39, 41,	  1,	 20.000000000000004 
39, 42,	  1,	 55.00000000000001 
39, 43,	  1,	 170.0 
39, 44,	  1,	 20.000000000000004 
39, 45,	  1,	 20.000000000000004 
39, 46,	  1,	 55.00000000000001 
39, 47,	  1,	 55.00000000000001 
39, 48,	  0,	 0.0 
39, 49,	  0,	 0.0 
39, 50,	  1,	 62.0 
39, 51,	  1,	 12.000000000000002 
39, 52,	  1,	 55.00000000000001 
39, 53,	  1,	 55.00000000000001 
39, 54,	  1,	 55.00000000000001 
39, 55,	  1,	 55.00000000000001 
39, 56,	  1,	 55.00000000000001 
39, 57,	  1,	 12.000000000000002 
39, 58,	  1,	 400.0000000000001 
39, 59,	  0,	 0.0 
39, 60,	  1,	 55.00000000000001 
39, 61,	  1,	 55.00000000000001 
39, 62,	  0,	 0.0 
39, 63,	  1,	 170.0 
39, 64,	  1,	 76.00000000000001 
39, 65,	  1,	 122.84000000000015 
39, 66,	  1,	 55.00000000000001 
39, 67,	  1,	 76.00000000000001 
39, 68,	  1,	 76.00000000000001 
39, 69,	  1,	 62.0 
39, 70,	  1,	 55.00000000000001 
39, 71,	  1,	 20.000000000000004 
39, 72,	  1,	 62.0 
40, 0,	  0,	 0.0 
40, 1,	  1,	 20.000000000000004 
40, 2,	  1,	 20.000000000000004 
40, 3,	  1,	 55.00000000000001 
40, 4,	  1,	 20.000000000000004 
40, 5,	  1,	 76.00000000000001 
40, 6,	  1,	 20.000000000000004 
40, 7,	  1,	 55.00000000000001 
40, 8,	  1,	 62.0 
40, 9,	  1,	 170.0 
40, 10,	  1,	 55.00000000000001 
40, 11,	  1,	 55.00000000000001 
40, 12,	  1,	 20.000000000000004 
40, 13,	  1,	 55.00000000000001 
40, 14,	  1,	 62.0 
40, 15,	  1,	 20.000000000000004 
40, 16,	  1,	 55.00000000000001 
40, 17,	  0,	 0.0 
40, 18,	  1,	 12.000000000000002 
40, 19,	  1,	 55.00000000000001 
40, 20,	  1,	 76.00000000000001 
40, 21,	  1,	 76.00000000000001 
40, 22,	  1,	 55.00000000000001 
40, 23,	  1,	 20.000000000000004 
40, 24,	  1,	 76.00000000000001 
40, 25,	  1,	 55.00000000000001 
40, 26,	  0,	 0.0 
40, 27,	  0,	 0.0 
40, 28,	  1,	 55.00000000000001 
40, 29,	  0,	 0.0 
40, 30,	  0,	 0.0 
40, 31,	  1,	 170.0 
40, 32,	  0,	 0.0 
40, 33,	  1,	 55.00000000000001 
40, 34,	  1,	 62.0 
40, 35,	  1,	 55.00000000000001 
40, 36,	  0,	 0.0 
40, 37,	  0,	 0.0 
40, 38,	  1,	 55.00000000000001 
40, 39,	  1,	 55.00000000000001 
40, 40,	  0,	 0.0 
40, 41,	  1,	 20.000000000000004 
40, 42,	  1,	 55.00000000000001 
40, 43,	  1,	 170.0 
40, 44,	  1,	 20.000000000000004 
40, 45,	  1,	 20.000000000000004 
40, 46,	  1,	 55.00000000000001 
40, 47,	  1,	 55.00000000000001 
40, 48,	  0,	 0.0 
40, 49,	  0,	 0.0 
40, 50,	  1,	 62.0 
40, 51,	  1,	 12.000000000000002 
40, 52,	  1,	 55.00000000000001 
40, 53,	  1,	 55.00000000000001 
40, 54,	  1,	 55.00000000000001 
40, 55,	  1,	 55.00000000000001 
40, 56,	  1,	 55.00000000000001 
40, 57,	  1,	 12.000000000000002 
40, 58,	  1,	 400.0000000000001 
40, 59,	  0,	 0.0 
40, 60,	  1,	 55.00000000000001 
40, 61,	  1,	 55.00000000000001 
40, 62,	  0,	 0.0 
40, 63,	  1,	 170.0 
40, 64,	  1,	 76.00000000000001 
40, 65,	  1,	 155.00000000000003 
40, 66,	  1,	 55.00000000000001 
40, 67,	  1,	 76.00000000000001 
40, 68,	  1,	 76.00000000000001 
40, 69,	  1,	 62.0 
40, 70,	  1,	 55.00000000000001 
40, 71,	  1,	 20.000000000000004 
40, 72,	  1,	 84.59000000000015 
41, 0,	  0,	 0.0 
41, 1,	  1,	 20.000000000000004 
41, 2,	  1,	 20.000000000000004 
41, 3,	  1,	 55.00000000000001 
41, 4,	  1,	 20.000000000000004 
41, 5,	  1,	 76.00000000000001 
41, 6,	  1,	 20.000000000000004 
41, 7,	  1,	 55.00000000000001 
41, 8,	  1,	 155.00000000000003 
41, 9,	  1,	 170.0 
41, 10,	  1,	 55.00000000000001 
41, 11,	  1,	 55.00000000000001 
41, 12,	  1,	 20.000000000000004 
41, 13,	  1,	 55.00000000000001 
41, 14,	  1,	 89.28999999999996 
41, 15,	  1,	 20.000000000000004 
41, 16,	  1,	 55.00000000000001 
41, 17,	  0,	 0.0 
41, 18,	  1,	 12.000000000000002 
41, 19,	  1,	 55.00000000000001 
41, 20,	  1,	 76.00000000000001 
41, 21,	  1,	 76.00000000000001 
41, 22,	  1,	 55.00000000000001 
41, 23,	  1,	 20.000000000000004 
41, 24,	  1,	 76.00000000000001 
41, 25,	  1,	 55.00000000000001 
41, 26,	  0,	 0.0 
41, 27,	  0,	 0.0 
41, 28,	  1,	 55.00000000000001 
41, 29,	  0,	 0.0 
41, 30,	  0,	 0.0 
41, 31,	  1,	 170.0 
41, 32,	  0,	 0.0 
41, 33,	  1,	 55.00000000000001 
41, 34,	  1,	 155.00000000000003 
41, 35,	  1,	 55.00000000000001 
41, 36,	  1,	 12.000000000000002 
41, 37,	  0,	 0.0 
41, 38,	  1,	 55.00000000000001 
41, 39,	  1,	 55.00000000000001 
41, 40,	  0,	 0.0 
41, 41,	  1,	 20.000000000000004 
41, 42,	  1,	 55.00000000000001 
41, 43,	  1,	 170.0 
41, 44,	  1,	 20.000000000000004 
41, 45,	  1,	 20.000000000000004 
41, 46,	  1,	 55.00000000000001 
41, 47,	  1,	 55.00000000000001 
41, 48,	  0,	 0.0 
41, 49,	  0,	 0.0 
41, 50,	  1,	 155.00000000000003 
41, 51,	  1,	 12.000000000000002 
41, 52,	  1,	 55.00000000000001 
41, 53,	  1,	 55.00000000000001 
41, 54,	  1,	 55.00000000000001 
41, 55,	  1,	 55.00000000000001 
41, 56,	  1,	 55.00000000000001 
41, 57,	  1,	 12.000000000000002 
41, 58,	  1,	 400.0000000000001 
41, 59,	  0,	 0.0 
41, 60,	  1,	 55.00000000000001 
41, 61,	  1,	 55.00000000000001 
41, 62,	  0,	 0.0 
41, 63,	  1,	 170.0 
41, 64,	  1,	 76.00000000000001 
41, 65,	  1,	 155.00000000000003 
41, 66,	  1,	 55.00000000000001 
41, 67,	  1,	 76.00000000000001 
41, 68,	  1,	 76.00000000000001 
41, 69,	  1,	 62.0 
41, 70,	  1,	 55.00000000000001 
41, 71,	  1,	 20.000000000000004 
41, 72,	  1,	 155.00000000000003 
42, 0,	  0,	 0.0 
42, 1,	  1,	 20.000000000000004 
42, 2,	  1,	 20.000000000000004 
42, 3,	  1,	 55.00000000000001 
42, 4,	  1,	 20.000000000000004 
42, 5,	  1,	 76.00000000000001 
42, 6,	  1,	 20.000000000000004 
42, 7,	  1,	 55.00000000000001 
42, 8,	  1,	 155.00000000000003 
42, 9,	  1,	 170.0 
42, 10,	  1,	 55.00000000000001 
42, 11,	  1,	 55.00000000000001 
42, 12,	  1,	 20.000000000000004 
42, 13,	  1,	 55.00000000000001 
42, 14,	  1,	 147.67000000000007 
42, 15,	  1,	 20.000000000000004 
42, 16,	  1,	 55.00000000000001 
42, 17,	  0,	 0.0 
42, 18,	  1,	 12.000000000000002 
42, 19,	  1,	 55.00000000000001 
42, 20,	  1,	 76.00000000000001 
42, 21,	  1,	 76.00000000000001 
42, 22,	  1,	 55.00000000000001 
42, 23,	  1,	 20.000000000000004 
42, 24,	  1,	 76.00000000000001 
42, 25,	  1,	 55.00000000000001 
42, 26,	  0,	 0.0 
42, 27,	  0,	 0.0 
42, 28,	  1,	 55.00000000000001 
42, 29,	  0,	 0.0 
42, 30,	  0,	 0.0 
42, 31,	  1,	 170.0 
42, 32,	  1,	 55.00000000000001 
42, 33,	  1,	 55.00000000000001 
42, 34,	  1,	 155.00000000000003 
42, 35,	  1,	 55.00000000000001 
42, 36,	  1,	 12.000000000000002 
42, 37,	  0,	 0.0 
42, 38,	  1,	 55.00000000000001 
42, 39,	  1,	 55.00000000000001 
42, 40,	  0,	 0.0 
42, 41,	  1,	 20.000000000000004 
42, 42,	  1,	 55.00000000000001 
42, 43,	  1,	 170.0 
42, 44,	  1,	 20.000000000000004 
42, 45,	  1,	 20.000000000000004 
42, 46,	  1,	 55.00000000000001 
42, 47,	  1,	 55.00000000000001 
42, 48,	  0,	 0.0 
42, 49,	  1,	 12.000000000000002 
42, 50,	  1,	 155.00000000000003 
42, 51,	  1,	 12.000000000000002 
42, 52,	  1,	 55.00000000000001 
42, 53,	  1,	 55.00000000000001 
42, 54,	  1,	 55.00000000000001 
42, 55,	  1,	 55.00000000000001 
42, 56,	  1,	 55.00000000000001 
42, 57,	  1,	 12.000000000000002 
42, 58,	  1,	 400.0000000000001 
42, 59,	  0,	 0.0 
42, 60,	  1,	 55.00000000000001 
42, 61,	  1,	 55.00000000000001 
42, 62,	  0,	 0.0 
42, 63,	  1,	 170.0 
42, 64,	  1,	 76.00000000000001 
42, 65,	  1,	 155.00000000000003 
42, 66,	  1,	 55.00000000000001 
42, 67,	  1,	 76.00000000000001 
42, 68,	  1,	 76.00000000000001 
42, 69,	  1,	 62.0 
42, 70,	  1,	 55.00000000000001 
42, 71,	  1,	 20.000000000000004 
42, 72,	  1,	 155.00000000000003 
43, 0,	  0,	 0.0 
43, 1,	  1,	 20.000000000000004 
43, 2,	  1,	 20.000000000000004 
43, 3,	  1,	 55.00000000000001 
43, 4,	  1,	 20.000000000000004 
43, 5,	  1,	 76.00000000000001 
43, 6,	  1,	 20.000000000000004 
43, 7,	  1,	 55.00000000000001 
43, 8,	  1,	 153.0699999999997 
43, 9,	  1,	 170.0 
43, 10,	  1,	 55.00000000000001 
43, 11,	  1,	 55.00000000000001 
43, 12,	  1,	 20.000000000000004 
43, 13,	  1,	 55.00000000000001 
43, 14,	  1,	 62.0 
43, 15,	  1,	 20.000000000000004 
43, 16,	  1,	 55.00000000000001 
43, 17,	  0,	 0.0 
43, 18,	  1,	 12.000000000000002 
43, 19,	  1,	 55.00000000000001 
43, 20,	  1,	 76.00000000000001 
43, 21,	  1,	 76.00000000000001 
43, 22,	  1,	 55.00000000000001 
43, 23,	  1,	 20.000000000000004 
43, 24,	  1,	 76.00000000000001 
43, 25,	  1,	 55.00000000000001 
43, 26,	  0,	 0.0 
43, 27,	  0,	 0.0 
43, 28,	  1,	 55.00000000000001 
43, 29,	  0,	 0.0 
43, 30,	  0,	 0.0 
43, 31,	  1,	 170.0 
43, 32,	  1,	 55.00000000000001 
43, 33,	  1,	 55.00000000000001 
43, 34,	  1,	 155.00000000000003 
43, 35,	  1,	 55.00000000000001 
43, 36,	  1,	 12.000000000000002 
43, 37,	  0,	 0.0 
43, 38,	  1,	 55.00000000000001 
43, 39,	  1,	 55.00000000000001 
43, 40,	  0,	 0.0 
43, 41,	  1,	 20.000000000000004 
43, 42,	  1,	 55.00000000000001 
43, 43,	  1,	 170.0 
43, 44,	  1,	 20.000000000000004 
43, 45,	  1,	 20.000000000000004 
43, 46,	  1,	 55.00000000000001 
43, 47,	  1,	 55.00000000000001 
43, 48,	  0,	 0.0 
43, 49,	  1,	 12.000000000000002 
43, 50,	  1,	 155.00000000000003 
43, 51,	  1,	 12.000000000000002 
43, 52,	  1,	 55.00000000000001 
43, 53,	  1,	 55.00000000000001 
43, 54,	  1,	 55.00000000000001 
43, 55,	  1,	 55.00000000000001 
43, 56,	  1,	 55.00000000000001 
43, 57,	  1,	 12.000000000000002 
43, 58,	  1,	 400.0000000000001 
43, 59,	  0,	 0.0 
43, 60,	  1,	 55.00000000000001 
43, 61,	  1,	 55.00000000000001 
43, 62,	  0,	 0.0 
43, 63,	  1,	 170.0 
43, 64,	  1,	 76.00000000000001 
43, 65,	  1,	 155.00000000000003 
43, 66,	  1,	 55.00000000000001 
43, 67,	  1,	 76.00000000000001 
43, 68,	  1,	 76.00000000000001 
43, 69,	  1,	 62.0 
43, 70,	  1,	 55.00000000000001 
43, 71,	  1,	 20.000000000000004 
43, 72,	  1,	 155.00000000000003 
44, 0,	  0,	 0.0 
44, 1,	  1,	 20.000000000000004 
44, 2,	  1,	 20.000000000000004 
44, 3,	  1,	 55.00000000000001 
44, 4,	  1,	 20.000000000000004 
44, 5,	  1,	 76.00000000000001 
44, 6,	  1,	 20.000000000000004 
44, 7,	  1,	 55.00000000000001 
44, 8,	  1,	 62.0 
44, 9,	  1,	 170.0 
44, 10,	  1,	 55.00000000000001 
44, 11,	  1,	 55.00000000000001 
44, 12,	  1,	 20.000000000000004 
44, 13,	  1,	 55.00000000000001 
44, 14,	  1,	 62.0 
44, 15,	  1,	 20.000000000000004 
44, 16,	  1,	 55.00000000000001 
44, 17,	  0,	 0.0 
44, 18,	  1,	 12.000000000000002 
44, 19,	  1,	 55.00000000000001 
44, 20,	  1,	 76.00000000000001 
44, 21,	  1,	 76.00000000000001 
44, 22,	  1,	 55.00000000000001 
44, 23,	  1,	 20.000000000000004 
44, 24,	  1,	 76.00000000000001 
44, 25,	  1,	 55.00000000000001 
44, 26,	  0,	 0.0 
44, 27,	  0,	 0.0 
44, 28,	  1,	 55.00000000000001 
44, 29,	  0,	 0.0 
44, 30,	  0,	 0.0 
44, 31,	  1,	 170.0 
44, 32,	  1,	 55.00000000000001 
44, 33,	  1,	 55.00000000000001 
44, 34,	  1,	 92.71000000000004 
44, 35,	  1,	 55.00000000000001 
44, 36,	  1,	 12.000000000000002 
44, 37,	  0,	 0.0 
44, 38,	  1,	 55.00000000000001 
44, 39,	  1,	 55.00000000000001 
44, 40,	  0,	 0.0 
44, 41,	  1,	 20.000000000000004 
44, 42,	  1,	 55.00000000000001 
44, 43,	  1,	 170.0 
44, 44,	  1,	 20.000000000000004 
44, 45,	  1,	 20.000000000000004 
44, 46,	  1,	 55.00000000000001 
44, 47,	  1,	 55.00000000000001 
44, 48,	  0,	 0.0 
44, 49,	  1,	 12.000000000000002 
44, 50,	  1,	 155.00000000000003 
44, 51,	  1,	 12.000000000000002 
44, 52,	  1,	 55.00000000000001 
44, 53,	  1,	 55.00000000000001 
44, 54,	  1,	 55.00000000000001 
44, 55,	  1,	 55.00000000000001 
44, 56,	  1,	 55.00000000000001 
44, 57,	  1,	 12.000000000000002 
44, 58,	  1,	 400.0000000000001 
44, 59,	  0,	 0.0 
44, 60,	  1,	 55.00000000000001 
44, 61,	  1,	 55.00000000000001 
44, 62,	  0,	 0.0 
44, 63,	  1,	 170.0 
44, 64,	  1,	 76.00000000000001 
44, 65,	  1,	 155.00000000000003 
44, 66,	  1,	 55.00000000000001 
44, 67,	  1,	 76.00000000000001 
44, 68,	  1,	 76.00000000000001 
44, 69,	  1,	 62.0 
44, 70,	  1,	 55.00000000000001 
44, 71,	  1,	 20.000000000000004 
44, 72,	  1,	 155.00000000000003 
45, 0,	  0,	 0.0 
45, 1,	  1,	 20.000000000000004 
45, 2,	  1,	 20.000000000000004 
45, 3,	  1,	 55.00000000000001 
45, 4,	  1,	 20.000000000000004 
45, 5,	  1,	 76.00000000000001 
45, 6,	  1,	 20.000000000000004 
45, 7,	  1,	 55.00000000000001 
45, 8,	  1,	 62.0 
45, 9,	  1,	 170.0 
45, 10,	  1,	 55.00000000000001 
45, 11,	  1,	 55.00000000000001 
45, 12,	  1,	 20.000000000000004 
45, 13,	  1,	 55.00000000000001 
45, 14,	  1,	 62.0 
45, 15,	  1,	 20.000000000000004 
45, 16,	  1,	 55.00000000000001 
45, 17,	  0,	 0.0 
45, 18,	  1,	 12.000000000000002 
45, 19,	  1,	 55.00000000000001 
45, 20,	  1,	 76.00000000000001 
45, 21,	  1,	 76.00000000000001 
45, 22,	  1,	 55.00000000000001 
45, 23,	  1,	 20.000000000000004 
45, 24,	  1,	 76.00000000000001 
45, 25,	  1,	 55.00000000000001 
45, 26,	  0,	 0.0 
45, 27,	  0,	 0.0 
45, 28,	  1,	 55.00000000000001 
45, 29,	  0,	 0.0 
45, 30,	  0,	 0.0 
45, 31,	  1,	 170.0 
45, 32,	  1,	 55.00000000000001 
45, 33,	  1,	 55.00000000000001 
45, 34,	  1,	 62.0 
45, 35,	  1,	 55.00000000000001 
45, 36,	  0,	 0.0 
45, 37,	  0,	 0.0 
45, 38,	  1,	 55.00000000000001 
45, 39,	  1,	 55.00000000000001 
45, 40,	  0,	 0.0 
45, 41,	  1,	 20.000000000000004 
45, 42,	  1,	 55.00000000000001 
45, 43,	  1,	 170.0 
45, 44,	  1,	 20.000000000000004 
45, 45,	  1,	 20.000000000000004 
45, 46,	  1,	 55.00000000000001 
45, 47,	  1,	 55.00000000000001 
45, 48,	  0,	 0.0 
45, 49,	  1,	 12.000000000000002 
45, 50,	  1,	 62.0 
45, 51,	  1,	 12.000000000000002 
45, 52,	  1,	 55.00000000000001 
45, 53,	  1,	 55.00000000000001 
45, 54,	  1,	 55.00000000000001 
45, 55,	  1,	 55.00000000000001 
45, 56,	  1,	 55.00000000000001 
45, 57,	  1,	 12.000000000000002 
45, 58,	  1,	 400.0000000000001 
45, 59,	  0,	 0.0 
45, 60,	  1,	 55.00000000000001 
45, 61,	  1,	 55.00000000000001 
45, 62,	  0,	 0.0 
45, 63,	  1,	 170.0 
45, 64,	  1,	 76.00000000000001 
45, 65,	  1,	 113.2800000000002 
45, 66,	  1,	 55.00000000000001 
45, 67,	  1,	 76.00000000000001 
45, 68,	  1,	 76.00000000000001 
45, 69,	  1,	 62.0 
45, 70,	  1,	 55.00000000000001 
45, 71,	  1,	 20.000000000000004 
45, 72,	  1,	 62.0 
46, 0,	  0,	 0.0 
46, 1,	  1,	 8.0 
46, 2,	  1,	 8.0 
46, 3,	  1,	 55.00000000000001 
46, 4,	  1,	 8.0 
46, 5,	  1,	 76.00000000000001 
46, 6,	  1,	 8.0 
46, 7,	  1,	 55.00000000000001 
46, 8,	  1,	 62.0 
46, 9,	  1,	 170.0 
46, 10,	  1,	 55.00000000000001 
46, 11,	  1,	 55.00000000000001 
46, 12,	  1,	 20.000000000000004 
46, 13,	  1,	 55.00000000000001 
46, 14,	  1,	 62.0 
46, 15,	  1,	 20.000000000000004 
46, 16,	  1,	 22.0 
46, 17,	  0,	 0.0 
46, 18,	  1,	 12.000000000000002 
46, 19,	  1,	 55.00000000000001 
46, 20,	  1,	 76.00000000000001 
46, 21,	  1,	 76.00000000000001 
46, 22,	  1,	 55.00000000000001 
46, 23,	  1,	 8.0 
46, 24,	  1,	 76.00000000000001 
46, 25,	  1,	 55.00000000000001 
46, 26,	  0,	 0.0 
46, 27,	  0,	 0.0 
46, 28,	  1,	 22.0 
46, 29,	  0,	 0.0 
46, 30,	  0,	 0.0 
46, 31,	  1,	 170.0 
46, 32,	  1,	 55.00000000000001 
46, 33,	  1,	 55.00000000000001 
46, 34,	  1,	 62.0 
46, 35,	  1,	 55.00000000000001 
46, 36,	  0,	 0.0 
46, 37,	  0,	 0.0 
46, 38,	  0,	 0.0 
46, 39,	  1,	 55.00000000000001 
46, 40,	  0,	 0.0 
46, 41,	  1,	 20.000000000000004 
46, 42,	  1,	 55.00000000000001 
46, 43,	  1,	 170.0 
46, 44,	  1,	 8.0 
46, 45,	  1,	 8.0 
46, 46,	  1,	 22.0 
46, 47,	  1,	 55.00000000000001 
46, 48,	  1,	 170.0 
46, 49,	  0,	 0.0 
46, 50,	  1,	 62.0 
46, 51,	  1,	 12.000000000000002 
46, 52,	  1,	 22.0 
46, 53,	  1,	 55.00000000000001 
46, 54,	  1,	 55.00000000000001 
46, 55,	  1,	 55.00000000000001 
46, 56,	  0,	 0.0 
46, 57,	  1,	 12.000000000000002 
46, 58,	  1,	 396.0 
46, 59,	  0,	 0.0 
46, 60,	  1,	 55.00000000000001 
46, 61,	  1,	 55.00000000000001 
46, 62,	  0,	 0.0 
46, 63,	  1,	 170.0 
46, 64,	  1,	 76.00000000000001 
46, 65,	  1,	 62.0 
46, 66,	  1,	 22.0 
46, 67,	  1,	 76.00000000000001 
46, 68,	  1,	 76.00000000000001 
46, 69,	  1,	 62.0 
46, 70,	  1,	 22.0 
46, 71,	  1,	 13.75 
46, 72,	  1,	 62.0 
47, 0,	  0,	 0.0 
47, 1,	  0,	 0.0 
47, 2,	  1,	 8.0 
47, 3,	  1,	 55.00000000000001 
47, 4,	  1,	 8.0 
47, 5,	  1,	 76.00000000000001 
47, 6,	  1,	 8.0 
47, 7,	  1,	 55.00000000000001 
47, 8,	  1,	 62.0 
47, 9,	  1,	 170.0 
47, 10,	  1,	 55.00000000000001 
47, 11,	  1,	 55.00000000000001 
47, 12,	  1,	 8.0 
47, 13,	  1,	 55.00000000000001 
47, 14,	  1,	 62.0 
47, 15,	  1,	 8.0 
47, 16,	  1,	 22.0 
47, 17,	  0,	 0.0 
47, 18,	  1,	 12.000000000000002 
47, 19,	  1,	 55.00000000000001 
47, 20,	  1,	 76.00000000000001 
47, 21,	  1,	 76.00000000000001 
47, 22,	  1,	 22.0 
47, 23,	  1,	 8.0 
47, 24,	  1,	 76.00000000000001 
47, 25,	  1,	 22.0 
47, 26,	  0,	 0.0 
47, 27,	  0,	 0.0 
47, 28,	  1,	 22.0 
47, 29,	  0,	 0.0 
47, 30,	  0,	 0.0 
47, 31,	  1,	 170.0 
47, 32,	  1,	 55.00000000000001 
47, 33,	  1,	 55.00000000000001 
47, 34,	  1,	 62.0 
47, 35,	  1,	 55.00000000000001 
47, 36,	  0,	 0.0 
47, 37,	  0,	 0.0 
47, 38,	  0,	 0.0 
47, 39,	  1,	 55.00000000000001 
47, 40,	  0,	 0.0 
47, 41,	  1,	 8.0 
47, 42,	  1,	 55.00000000000001 
47, 43,	  1,	 170.0 
47, 44,	  1,	 8.0 
47, 45,	  1,	 8.0 
47, 46,	  1,	 22.0 
47, 47,	  1,	 55.00000000000001 
47, 48,	  1,	 170.0 
47, 49,	  0,	 0.0 
47, 50,	  1,	 62.0 
47, 51,	  1,	 12.000000000000002 
47, 52,	  1,	 22.0 
47, 53,	  1,	 55.00000000000001 
47, 54,	  1,	 22.0 
47, 55,	  1,	 55.00000000000001 
47, 56,	  0,	 0.0 
47, 57,	  1,	 12.000000000000002 
47, 58,	  1,	 396.0 
47, 59,	  0,	 0.0 
47, 60,	  1,	 22.0 
47, 61,	  1,	 33.4699999999998 
47, 62,	  0,	 0.0 
47, 63,	  1,	 170.0 
47, 64,	  1,	 76.00000000000001 
47, 65,	  1,	 62.0 
47, 66,	  1,	 22.0 
47, 67,	  1,	 76.00000000000001 
47, 68,	  1,	 76.00000000000001 
47, 69,	  1,	 62.0 
47, 70,	  1,	 22.0 
47, 71,	  0,	 0.0 
47, 72,	  1,	 62.0 
TIME,	 ex 	 ex2 
0, 	0.0,	 0.0,	 
1, 	0.0,	 0.0,	 
2, 	0.0,	 0.0,	 
3, 	0.0,	 0.0,	 
4, 	0.0,	 0.0,	 
5, 	0.0,	 0.0,	 
6, 	0.0,	 0.0,	 
7, 	0.0,	 0.0,	 
8, 	0.0,	 0.0,	 
9, 	0.0,	 0.0,	 
10, 	0.0,	 0.0,	 
11, 	0.0,	 0.0,	 
12, 	0.0,	 0.0,	 
13, 	0.0,	 0.0,	 
14, 	0.0,	 0.0,	 
15, 	0.0,	 0.0,	 
16, 	0.0,	 0.0,	 
17, 	0.0,	 0.0,	 
18, 	0.0,	 0.0,	 
19, 	0.0,	 0.0,	 
20, 	0.0,	 0.0,	 
21, 	0.0,	 0.0,	 
22, 	0.0,	 0.0,	 
23, 	0.0,	 0.0,	 
24, 	0.0,	 0.0,	 
25, 	0.0,	 0.0,	 
26, 	0.0,	 0.0,	 
27, 	0.0,	 0.0,	 
28, 	0.0,	 0.0,	 
29, 	0.0,	 0.0,	 
30, 	0.0,	 0.0,	 
31, 	0.0,	 0.0,	 
32, 	0.0,	 0.0,	 
33, 	0.0,	 0.0,	 
34, 	0.0,	 0.0,	 
35, 	0.0,	 0.0,	 
36, 	0.0,	 0.0,	 
37, 	0.0,	 0.0,	 
38, 	0.0,	 0.0,	 
39, 	0.0,	 0.0,	 
40, 	0.0,	 0.0,	 
41, 	0.0,	 0.0,	 
42, 	0.0,	 0.0,	 
43, 	0.0,	 0.0,	 
44, 	0.0,	 0.0,	 
45, 	0.0,	 0.0,	 
46, 	0.0,	 0.0,	 
47, 	0.0,	 0.0,	 
